904.43, 38.9841, 15
831.186, 37.3887, 11
365.075, 26.0176, 19
359.589, 48.4385, 12
386.561, 39.1137, 13
hayden
619.545, 23.5342, 23
352.046, 38.4934, 16
459.054, 39.4727, 23
829.386, 49.9208, 37
502.722, 60.3948, 21
jeffrey
798.401, 20.8709, 21
312.753, 25.4746, 39
592.885, 41.9002, 18
519.366, 12.1431, 17
371.636, 31.7466, 19
nico
688.556, 55.1583, 23
152.662, 14.4572, 49
341.865, 27.9428, 57
70.3011, 5.51291, 47
955.342, 32.4887, 58
logan
118.065, 5.17075, 50
190.876, 26.0418, 31
73.7417, 7.4498, 28
61.313, 9.67673, 35
57.9937, 66.9236, 7
Fernando
758.747, 18.6479, 35
251.64, 17.0178, 41
243.036, 37.2561, 42
571.735, 46.6022, 54
636.706, 39.6389, 38
Mannie
290.928, 34.2301, 366, 65, 94, 69
769.549, 22.4584, 482, 18, 22, 51
131.81, 22.8512, 566, 36, 31, 66
Tara
242.623, 31.2627, 92, 4, 13, 20
964.159, 32.8813, 96, 8, 19, 14
Arthur
377.656, 47.3756, 289, 147, 56, 53
358.185, 17.7937, 135, 95, 48, 68
Emily
357.68, 21.3659, 188, 146, 38,43
189.469, 13.3624, 115, 169, 82, 54
NAME UNKNOWN
417.929, 53.0731, 118, 253, 122, 42
176.828, 11.5959, 220, 68, 24, 31
Ethan
735.099, 38.0887, 352, 2, 32, -118111
94.1604, 29.2464, 398, 24, 4, 53
Michaela
290.556, 38.277, 101, 49, 23, 23
74.8259, 30.3833, 72, 61, 35, -120033
130.798, 24.8073, 459, 79, 80, -120153
134.744, 21.9923, 96, 24, 26, -120307
461.222, 10.1861, 104, 30, 24, -120407
Arthur
217.89, 41.6783, 246, 18, 4, -120639
187.005, 20.3078, 260, 121, 70, -120795
281.535, 31.3698, 127, 34, 25, -120994
1709.97, 17.5366, 15600, 54, 41, -121489
44.4666, 3.19935, 34, 23, 3, 15.3351, -1.79468
0.696195, 1.0507, 52, 0, 0, 13.7092, -3.19534
1.75484, 1.10689, 12, 0, 0, 2.14959, -6.40576
1.61822, 1.18785, 60, 0, 0, 15.3582, -4.25821
90.4448, 3.56126, 25, 5, 4, 8.24391, -2.63982
0.50805, 1.33338, 16, 0, 0, 3.32398, -2.77957
48.4319, 1.42755, 34, 10, 2, 11.539, 5.5626
61.0699, 10.0519, 77, 0, 3, 20.885, 7.61887
0.574515, 1, 60, 0, 0, 15.3231, 2.19495
114.303, 10.6626, 109, 5, 7, 35.834, 3.99331
107.428, 4.9206, 28, 60, 9, 25.7212, 2.19357
50.1165, 4.01966, 97, 8, 26, 36.3429, 1.83823
1.03349, 1.19636, 26, 0, 0, 6.02261, 2.27137
1.70757, 1, 28, 0, 0, 6.53768, 2.37246
0.781246, 1.02245, 34, 0, 0, 8.20388, 1.92076
2.71466, 1.30188, 54, 0, 0, 13.5825, 2.53815
0.55266, 1.32927, 66, 0, 0, 19.8342, 2.90073
0.437461, 1.1515, 25, 56, 16, 10.4095, 7.04964
0.560323, 1.21966, 26, 27, 37, 11.4104, 3.36007
0, 1, 2, 202, 82, 19.7118, 3.68006
0, 1, 0, 0, 0, 8.21378, 11.8713
154.755, 15.3052, 124, 19, 26, 51.3929, 4.47785
0.617827, 1, 8, 0, 0, 1.09144, 3.26332
2.01319, 1.28538, 140, 0, 0, 37.2387, 3.10145
0.51267, 1.12565, 66, 0, 0, 16.9396, 1.44202
329.001, 5.29181, 113, 0, 4, 30.0756, 2.4538
0.461384, 23.1076, 56, 0, 0, 14.2468, 4.53566
469.896, 20.9028, 77, 0, 5, 19.2033, 2.28824
0.538747, 1.16299, 24, 0, 0, 5.51803, 19.8482
0.589965, 1.155, 16, 0, 0, 3.41935, 29.3046
1.21471, 1.16518, 24, 0, 0, 5.49434, 1.91645
0.597603, 1.21152, 20, 0, 0, 4.40449, 1.58038
0.558888, 1.23299, 282, 0, 0, 76.4867, 1.47972
0.652889, 1.16517, 40, 0, 0, 9.82561, 1.68163
93.7496, 14.7182, 59, 8, 4, 15.8879, 1.95232
321.251, 3.09138, 102, 59, 17, 51.034, 5.50805
148.662, 19.2199, 92, 23, 10, 33.8496, 1.62195
251.925, 12.0619, 101, 362, 31, 43.7903, 5.53754
61.1896, 6.05295, 108, 29, 14, 44.3236, 7.58597
73.2461, 11.0155, 190, 80, 40, 77.2965, 2.23191
1.12066, 1.01546, 25, 66, 45, 21.3634, 1.6368
0.640814, 1.14605, 49, 62, 16, 33.9794, 1.92643
1.3089, 1.58958, 20, 58, 4, 21.2832, 1.9909
0.33451, 1.15654, 20, 275, 30, 45.9971, 1.59627
148.15, 21.9632, 12, 96, 2, 29.0695, 2.58954
0.394721, 1.23481, 18, 53, 5, 19.6811, 1.86888
0.71616, 1.1073, 20, 142, 39, 53.58, 1.72891
0.891078, 1.26773, 36, 0, 0, 8.76159, 2.41256
167.868, 1.99987, 25, 14, 15, 14.2541, 3.96382
113.965, 5.75801, 26, 2, 4, 11.4043, 2.03027
64.7264, 17.3388, 18, 0, 1, 8.78261, 1.51064
9.48321, 2.91104, 20, 1, 3, 8.68937, 2.12419
43.166, 6.62755, 18, 0, 0, 7.09379, 1.76037
67.0688, 2.84174, 16, 0, 2, 8.18488, 1.70024
118.408, 4.0045, 12, 18, 5, 9.74651, 5.07548
258.02, 5.98339, 14, 0, 2, 9.93796, 2.16829
113.036, 7.05578, 26, 3, 4, 15.7572, 3.79735
143.532, 4.56599, 15, 0, 1, 5.45002, 2.34267
66.8573, 5.5567, 14, 0, 0, 8.13201, 9.58985
79.1827, 3.36098, 20, 4, 4, 6.58071, 17.9847
0.287431, 1, 18, 0, 0, 3.83554, 4.12884
0, 1, 16, 0, 0, 3.24245, 1.22939
0, 1, 34, 0, 0, 8.20534, 4.17777
0, 1, 40, 0, 0, 9.83865, 2.23619
131.049, 11.7593, 54, 5, 3, 15.8682, 4.01746
67.7247, 6.1214, 42, 17, 9, 17.7845, 12.2743
224.364, 3.52294, 22, 0, 4, 6.04716, 1.72546
238.271, 21.2465, 70, 4, 10, 21.9805, 2.31413
1.27164, 1.65778, 142, 0, 0, 37.7512, 5.1839
1.72941, 1.32654, 38, 0, 0, 9.26628, 2.06524
1.13003, 1.23003, 50, 0, 0, 12.5655, 3.18416
0.831871, 1.55918, 108, 0, 0, 28.4275, 1.88039
1088.29, 16.469, 44, 0, 4, 11.9658, 1.82441
412.119, 16.5548, 41, 2, 11, 13.844, 3.30141
671.722, 1.40597, 40, 385, 137, 153.205, 2.76788
1.29684, 1.79008, 22, 0, 0, 4.88868, 3.07868
722.93, 29.3457, 33, 2, 9, 11.0265, 4.46884
nan, 38.0637, 421, 0, 3, 118.238, 2.22643
366.344, 11.2697, 61, 1, 8, 18.0627, 32.1338
873.162, 25.1576, 56, 1, 5, 15.8384, 11.0789
115.085, 17.6971, 74, 0, 2, 19.7594, 1.73135
709.727, 50.5609, 170, 3, 13, 50.0641, 3.24955
683.353, 43.2003, 65, 2, 9, 19.7812, 6.37341
972.697, 20.1753, 75, 1, 14, 23.5396, 13.8636
729.524, 49.6086, 80, 3, 11, 24.5538, 2.27075
3.52784, 1.76784, 20, 16, 12, 12.1536, 5.38022
626.06, 16.5716, 117, 10, 15, 37.6122, 3.00378
422.002, 33.1934, 73, 2, 13, 22.9893, 10.2643
875.76, 31.4477, 65, 4, 11, 26.0213, 3.34126
493.784, 44.2825, 54, 7, 19, 26.5144, 4.21652
487.672, 58.3113, 36, 14, 28, 25.7813, 3.65859
651.396, 42.7799, 36, 0, 8, 13.5414, 5.3839
979.012, 46.404, 64, 2, 16, 27.1895, 3.53299
987.355, 49.7538, 40, 3, 13, 18.4861, 17.7285
798.51, 34.7748, 79, 2, 21, 32.8254, 6.99362
100.528, 1.95348, 24, 1, 5, 8.70285, 14.3389
65.8318, 14.7609, 57, 9, 8, 24.4605, 11.4418
155.177, 17.4746, 42, 10, 16, 21.7572, 10.7721
347.319, 37.641, 29, 4, 11, 13.5904, 1.86595
675.538, 19.5635, 57, 0, 7, 20.9628, 1.84552
750.994, 50.6405, 73, 0, 7, 27.1679, 2.13482
335.213, 36.9361, 60, 0, 6, 21.3212, 2.64067
84.0229, 12.5475, 40, 1, 3, 13.959, 3.33909
736.615, 35.8131, 35, 0, 7, 13.5225, 2.13373
694.081, 27.6583, 53, 0, 11, 20.974, 16.6252
795.646, 32.2406, 53, 15, 14, 27.2669, 3.08256
313.895, 45.4944, 51, 2, 13, 21.7665, 2.05906
749.025, 33.2661, 50, 0, 6, 18.1735, 25.0549
784.43, 49.321, 36, 1, 9, 14.6228, 2.00843
690.71, 51.5061, 68, 1, 11, 12.0386, 0.000631068
0, 1, 20, 0, 0, 5.67684, 4.74309
856.547, 49.3667, 38, 0, 0, 11.6276, 2.11285
348.536, 21.2172, 26, 3, 17, 15.1454, 36.5349
864.307, 49.976, 44, 4, 10, 19.0157, 5.16413
293.261, 29.8093, 40, 3, 13, 18.047, 2.5235
1176.18, 53.2709, 51, 1, 14, 21.3406, 3.60223
615.583, 63.393, 56, 2, 12, 22.9226, 7.05263
627.661, 19.3193, 48, 0, 6, 17.9021, 16.1674
412.262, 53.4419, 58, 1, 7, 21.248, 3.36873
712.163, 56.3743, 52, 0, 10, 20.3565, 1.98263
1013.52, 25.4878, 31, 0, 9, 12.5621, 2.02463
888.672, 55.2772, 51, 1, 8, 19.3678, 4.97066
548.789, 37.0402, 53, 1, 8, 20.7109, 2.04798
134.4, 26.364, 40, 0, 10, 16.0019, 10.5551
731.296, 28.0679, 34, 0, 6, 12.6202, 1.99
640.61, 29.9967, 52, 13, 15, 26.6395, 3.9535
318.643, 63.8761, 36, 2, 8, 19.8583, 3.67468
Lego Number 0 distance 93.4823, Lego Number 0 angle 10.1714, Lego Number 1 distance 118.714, Lego Number 1 angle 17.8366, Lego Number 2 distance 31.9218, Lego Number 2 angle 42.452, Lego Number 3 distance 195.579, Lego Number 3 angle 6.021, Lego Number 0 distance 94.431, Lego Number 0 angle 9.9025, Lego Number 1 distance 116.762, Lego Number 1 angle 19.1396, Lego Number 2 distance 31.3597, Lego Number 2 angle 40.9875, Lego Number 3 distance 193.082, Lego Number 3 angle 5.97852, 437.667, 39.2405, 42, 0, 6, 15.2128, 8.17426, 82215645634968, 82184739194994, Lego Number 0 Variation Angle: 0, Lego Number 0 Variation Distance: 0, Lego Number 0 Closest Angle: 9.51514
Lego Number 0 Closest Distance: 93.5, Lego Number 0 Initial Placement Time: 4.04233, Lego Number 1 Variation Angle: 0, Lego Number 1 Variation Distance: 0, Lego Number 1 Closest Angle: 17.8249
Lego Number 1 Closest Distance: 116.995, Lego Number 1 Initial Placement Time: 6.12146, Lego Number 2 Variation Angle: 0, Lego Number 2 Variation Distance: 0, Lego Number 2 Closest Angle: 41.0972
Lego Number 2 Closest Distance: 30.9441, Lego Number 2 Initial Placement Time: 8.83521, Lego Number 3 Variation Angle: 0, Lego Number 3 Variation Distance: 0, Lego Number 3 Closest Angle: 5.59607
Lego Number 3 Closest Distance: 193.5, Lego Number 3 Initial Placement Time: 11.565, 
Lego Number 0 distance 143.857, Lego Number 0 angle 29.228, Lego Number 1 distance 385.796, Lego Number 1 angle 25.3651, Lego Number 2 distance 165.018, Lego Number 2 angle 36.3491, Lego Number 3 distance 160.143, Lego Number 3 angle 5.32958, Lego Number 0 distance 143.918, Lego Number 0 angle 26.7893, Lego Number 1 distance 392.654, Lego Number 1 angle 26.2476, Lego Number 2 distance 163.998, Lego Number 2 angle 38.1197, Lego Number 3 distance 160.803, Lego Number 3 angle 6.70983, 858.094, 49.1359, 39, 3, 8, 20.8553, 4.36849, 82242327917395, 82184739194994, Lego Number 0 Variation Angle: 0, Lego Number 0 Variation Distance: 0, Lego Number 0 Closest Angle: 27.8884
Lego Number 0 Closest Distance: 143.137, Lego Number 0 Initial Placement Time: 10.3866, Lego Number 1 Variation Angle: 0, Lego Number 1 Variation Distance: 0, Lego Number 1 Closest Angle: 9.42917
Lego Number 1 Closest Distance: 41.5, Lego Number 1 Initial Placement Time: 13.7226, Lego Number 2 Variation Angle: 4.25994, Lego Number 2 Variation Distance: 2.9697, Lego Number 2 Closest Angle: 10.1428
Lego Number 2 Closest Distance: 161.5, Lego Number 2 Initial Placement Time: 13.7226, Lego Number 3 Variation Angle: 0, Lego Number 3 Variation Distance: 0, Lego Number 3 Closest Angle: 35.2798
Lego Number 3 Closest Distance: 163.5, Lego Number 3 Initial Placement Time: 17.1171, 
Lego Number 0 distance 0.0682571, Lego Number 0 angle 0, Lego Number 1 distance 0.250613, Lego Number 1 angle 0.3267, Lego Number 2 distance 0.999969, Lego Number 2 angle 0, Lego Number 3 distance 0.0117169, Lego Number 3 angle 0.243393, Lego Number 0 distance 0.180647, Lego Number 0 angle 0.211705, Lego Number 1 distance 0.351518, Lego Number 1 angle 0.220646, Lego Number 2 distance 0.0209418, Lego Number 2 angle 0.0907694, Lego Number 3 distance 0.430093, Lego Number 3 angle 0.244858, 1.15688, 1.28505, 12, 0, 0, 2.90007, 1.87694, 82330774501736, 82317830130009, Lego Number 0 Variation Angle: 0, Lego Number 0 Variation Distance: 0, Lego Number 0 Closest Angle: 0.0646682, Lego Number 0 Closest Distance: 0, Lego Number 0 Initial Placement Time: 0.426662, Lego Number 1 Variation Angle: 0, Lego Number 1 Variation Distance: 0, Lego Number 1 Closest Angle: 0.204602, Lego Number 1 Closest Distance: 0, Lego Number 1 Initial Placement Time: 0.426663, Lego Number 2 Variation Angle: 0, Lego Number 2 Variation Distance: 0, Lego Number 2 Closest Angle: 0.024084, Lego Number 2 Closest Distance: 0.25, Lego Number 2 Initial Placement Time: 0.426663, Lego Number 3 Variation Angle: 0, Lego Number 3 Variation Distance: 0, Lego Number 3 Closest Angle: 0.0510483, Lego Number 3 Closest Distance: 0, Lego Number 3 Initial Placement Time: 0.426664, 
Lego Number 0 distance 32.0677, Lego Number 0 angle 32.6938, Lego Number 1 distance 395.019, Lego Number 1 angle 6.34737, Lego Number 2 distance 283.701, Lego Number 2 angle 14.492, Lego Number 3 distance 100.007, Lego Number 3 angle 35.6285, 32.6909, 30.7544, 393.412, 6.55108, 286.158, 15.0319, 97.3556, 35.1999, 810.206, 45.5808, 37, 0, 9, 14.5807, 1.96754, 82489651472423, 82466206380464, 0, 0, 31.0806, 32, 2.3887, 0, 0, 5.88793, 70.452, 4.40825, 0, 0, 26.6119, 144.085, 6.51478, 0, 0, 34.6921, 97.5, 9.35625, 
Lego Number 0 distance 54.5171, Lego Number 0 angle 14.1458, Lego Number 1 distance 72.0496, Lego Number 1 angle 34.62, Lego Number 2 distance 8.28343, Lego Number 2 angle 13.2819, Lego Number 3 distance 72.6225, Lego Number 3 angle 13.601, 55.2522, 12.3195, 72.7911, 34.8589, 9.00254, 13.7983, 73.0668, 12.9509, 208.793, 38.8244, 34, 0, 12, 20.8113, 5.73662, 82518484288448, 82466206380464, 0, 0, 12.5461, 54.4753, 8.88687, 0, 0, 7.54994, 8, 11.6047, 0, 0, 13.1164, 72.5, 15.1012, 0, 0, 13.1712, 72, 18.4941, 
112.561, 24.6005, 242.537, 18.7687, 80.1789, 0.81813, 241.819, 18.4349, 107.748, 25.4077, 240.043, 20.4968, 78.3023, 0, 238.124, 17.2014, 670.657, 32.3111, 35, 0, 7, 2e-09, 7482, 1533241116770, 1533241130000, 0, 0, 24.2207, 109.266, -8.742e-06, 0, 13.5594, 19.2172, 176.5, -6.657e-06, 66.1836, 0, 0.221542, 78.4648, -3.854e-06, 0, 0, 18.0498, 156.5, -2.399e-06, 
160.581, 20.4099, 216.295, 4.57392, 149.699, 15.2253, 115.592, 8.87385, 159.635, 21.4622, 212.163, 3.19047, 146.23, 29.1481, 116.021, 8.28235, 638.108, 25.5415, 34, 0, 8, 1.3249e-05, 15815, 1.53324e+12, 1533241576916, 0, 0, 20.78, 45.5, 2.418e-06, 0, 0, 3.38455, 104, 4.495e-06, 0, 0, 8.02669, 115.5, 5.918e-06, 0, 0, 9.21452, 146, 8.752e-06, 
96.6973, 4.64507, 163.744, 6.42566, 140.39, 4.19357, 142.858, 26.5029, 92.1508, 4.38771, 162.305, 5.64054, 138.427, 2.98859, 141.751, 26.7151, 539.162, 21.8836, 46, 0, 8, 1.7826e-05, 5564, 1.53324e+12, 1533241692832, 0, 124.923, 4.03809, 93.6976, 3.13e-06, 0, 0, 6.16612, 162.5, 3.864e-06, 0, 0, 3.11574, 117.5, 6.107e-06, 0, 0, 25.9125, 141.921, 6.107e-06, 
147.738, 41.9838, 316.735, 4.22546, 212.003, 9.38064, 163.188, 3.35423, 145.548, 41.706, 311.289, 5.19443, 209.078, 9.55882, 158.533, 40.9144, 832.056, 30.472, 31, 0, 3, 1.0466e-05, 2770, 1.53324e+12, 1533241827245, 0, 0, 38.903, 132.5, 3.094e-06, 0, 0, 4.36143, 77, 5.212e-06, 0, 0, 9.07362, 97, 5.212e-06, 0, 0, 20.6832, 160.266, 7.295e-06, 
236.601, 5.13727, 263.075, 36.3864, 185.006, 15.3547, 205.82, 22.256, 233.163, 6.09296, 255.331, 39.0323, 182.673, 15.4222, 205.344, 20.8545, 883.507, 40.5672, 20, 0, 10, 9.122e-06, 2275, 1.53324e+12, 1533241957725, 0, 55.1649, 5.50025, 130.5, 1754, 21.627, 59.6559, 16.6278, 169, 3172, 0, 0, 3.51754, 99.5, 4556, 0, 0, 2.36487, 132, 7357, 
68.982868, 31.754843, 242.192274, 35.479977, 101.095768, 0.000000, 90.757963, 4.915798, 69.302819, 31.991274, 243.314410, 36.179619, 98.664558, 0.046631, 90.210449, 2.550652, 502.260554, 37.075309, 23, 1, 12, 0.000011, 14384.000000, 1533244451898.000000, 1533244477611, 0.000000, 0.000000, 31.827826, 68.444665, 3825.000000, 0.000000, 0.000000, 24.519854, 132.000000, 5310.000000, 0.000000, 0.000000, 3.394085, 89.500000, 7396.000000, 0.000000, 0.000000, 0.421715, 100.000000, 8846.000000, 
45.809393, 11.256104, 119.247681, 9.162354, 145.127853, 12.505989, 302.835390, 20.012802, 45.137712, 12.752724, 120.440812, 8.436905, 147.291814, 33.111343, 305.264187, 19.789925, 615.577421, 27.468624, 33, 0, 7, 0.000013, 1952.000000, 1533245927667.000000, 1533245942165, 0.000000, 0.000000, 10.854126, 44.455358, 3161.000000, 0.000000, 0.000000, 8.695705, 119.469488, 4512.000000, 66.450291, 0.000000, 22.826584, 145.699480, 6661.000000, 0.000000, 0.000000, 19.905388, 303.500000, 8049.000000, 
218.614482, 31.117218, 327.667016, 11.703171, 245.146826, 9.246113, 76.118645, 3.521087, 225.507739, 29.913185, 322.553665, 12.279133, 240.898285, 10.407711, 77.573656, 2.584606, 867.040157, 28.793794, 52, 0, 8, 0.000020, 2765.000000, 1533245954447.000000, 1533245976925, 0.000000, 0.000000, 12.628754, 62.500000, 5976.000000, 0.000000, 0.000000, 11.416624, 40.000000, 8124.000000, 0.000000, 0.000000, 2.670270, 76.500000, 10890.000000, 0.000000, 4.364475, 0.436612, 241.000000, 13034.000000, 
114.623796, 17.245106, 13.844988, 26.388641, 113.557159, 23.765625, 68.367015, 0.334408, 116.093517, 17.939705, 13.195301, 25.140793, 114.937546, 23.095688, 68.421448, 0.124554, 311.520385, 34.866890, 62, 10, 10, 0.000027, 20210.000000, 1533246243383.000000, 1533246290853, 0.000000, 0.000000, 40.344458, 64.000000, 8799.000000, 0.000000, 0.000000, 24.554008, 114.500000, 9459.000000, 0.000000, 0.000000, 22.715477, 113.500000, 15000.000000, 20.423103, 127.819828, 0.125250, 68.032096, 16353.000000, 
479.198519, 8.703045, 343.137402, 0.715347, 336.840635, 1.732788, 102.353375, 22.632847, 477.164351, 7.413933, 341.990105, 0.196892, 332.134931, 1.114258, 99.184967, 21.668983, 1256.002143, 17.892014, 42, 10, 16, 0.000031, 20210.000000, 1533246425710.000000, 1533246476717, 0.000000, 0.000000, 41.181055, 109.500000, 16303.000000, 0.000000, 0.000000, 0.174947, 162.500000, 17026.000000, 0.000000, 32.696782, 23.083107, 91.000000, 19205.000000, 0.000000, 0.000000, 0.241762, 194.498954, 27692.000000, 
454.006971, 18.248669, 327.636271, 6.090115, 239.736544, 8.841820, 181.235012, 30.231861, 452.708499, 17.131912, 325.840771, 4.066887, 235.898294, 6.624664, 177.177147, 31.357090, 1197.119755, 32.706232, 35, 12, 13, 0.000024, 20210.000000, 1533246533945.000000, 1533246578220, 0.000000, 0.000000, 21.264439, 121.500000, 12729.000000, 0.000000, 0.000000, 5.016043, 174.000000, 13453.000000, 0.000000, 0.000000, 16.402317, 75.000000, 14773.000000, 0.000000, 0.000000, 4.816725, 111.943389, 19628.000000, 



144.653785, 3.511169, 105.008551, 8.206703, 121.418312, 1.711155, 10.902104, 16.539589, 142.697328, 4.441246, 107.654654, 8.278141, 123.690046, 2.732212, 10.236230, 16.331070, 383.130505, 15.984308, 43, 18, 17, 0.000026, 23541.000000, 1533246712261.000000, 1533246761597, 26.001066, 37.606738, 3.868519, 143.080036, 4596.000000, 0.000000, 0.000000, 7.446917, 105.500000, 12280.000000, 0.000000, 0.000000, 1.591360, 122.000000, 17767.000000, 0.000000, 0.000000, 15.823494, 9.500000, 20509.000000, 
1, 41.836114, 10.803719, 45.526399, 10.155491, 97.698077, 37.160053, 120.437328, 6.282013, 42.694162, 11.251282, 43.518485, 10.025555, 98.317038, 38.377567, 119.134522, 6.425385, 304.581062, 33.200638, 40, 8, 8, 0.000018, 10246.000000, 1533251761254.000000, 1533251789716, 0.000000, 0.000000, 10.150408, 41.679740, 6683.000000, 0.000000, 0.000000, 9.953718, 44.239580, 10077.000000, 0.000000, 0.000000, 36.616482, 97.000000, 12200.000000, 0.000000, 0.000000, 5.883587, 119.622065, 15792.000000, 
1, 9.510074, 3.661255, 345.139999, 44.649391, 296.812656, 44.056232, 82.008699, 25.272133, 9.960955, 2.882957, 340.668330, 1.536297, 295.947437, 44.534195, 80.619338, 24.462723, 730.333743, 59.819506, 46, 17, 9, 0.000024, 18520.000000, 1533252036518.000000, 1533252079026, 0.000000, 0.000000, 2.877857, 9.000000, 8830.000000, 0.000000, 0.000000, 1.217344, 62.500000, 14506.000000, 0.000000, 0.000000, 0.000001, 105.122261, 17970.000000, 0.000000, 0.000000, 24.585072, 80.951618, 20836.000000, 
1, 18.083533, 35.806992, 26.399363, 9.637539, 352.698231, 36.802490, 330.966962, 15.592812, 17.625764, 7.460566, 26.329639, 6.365818, 351.489539, 36.004086, 338.522835, 16.350580, 731.057932, 49.919916, 60, 22, 16, 0.000033, 20097.000000, 1533252215013.000000, 1533252268105, 0.000000, 0.000000, 2.726016, 16.000000, 9410.000000, 0.000000, 0.000000, 7.675028, 25.824692, 14997.000000, 154.565662, 0.000000, 9.767115, 17.500000, 22123.000000, 0.000000, 0.000000, 22.084032, 271.797648, 26902.000000, 
2, 10.803619, 37.803596, 14.791588, 4.398705, 85.148033, 7.503130, 109.747016, 18.434950, 11.205322, 7.460566, 16.647064, 5.038666, 84.989428, 7.643843, 110.918456, 19.310959, 222.125263, 35.070190, 50, 25, 13, 0.000036, 20097.000000, 1533252276813.000000, 1533252332699, 0.000000, 0.000000, 4.647194, 12.500000, 14953.000000, 0.000000, 0.000000, 7.457839, 84.500000, 22119.000000, 0.000000, 0.000000, 9.285707, 10.500000, 29897.000000, 12.503057, 6.945462, 6.044165, 106.000000, 31220.000000, 
1, 465.923999, 28.082592, 484.205995, 12.556763, 70.812545, 11.528608, 77.248327, 3.544765, 463.688564, 28.582123, 478.772042, 11.812290, 69.907248, 11.906908, 76.105666, 3.124199, 1093.332193, 28.856364, 94, 19, 13, 0.000043, 10792.000000, 1533252622423.000000, 1533252676398, 39.570116, 97.496493, 4.411501, 116.500000, 12552.000000, 0.000000, 0.000000, 5.378595, 90.000000, 19586.000000, 38.523901, 33.288526, 15.996899, 81.000000, 30079.000000, 0.000000, 0.000000, 8.199366, 69.500000, 38588.000000, 
1, 55.944377, 30.516327, 493.553820, 19.158379, 150.062242, 30.542130, 291.587873, 23.990997, 56.062987, 30.227943, 492.243797, 20.151047, 152.099857, 30.276516, 292.683820, 18.434948, 992.119386, 53.103916, 24, 0, 8, 0.000010, 2204.000000, 1533254387659.000000, 1533254399718, 0.000000, 0.000000, 4.404171, 17.500000, 3777.000000, 7.654307, 133.717428, 0.673634, 111.000000, 7407.000000, 2.682884, 159.155679, 15.098933, 202.500000, 7407.000000, 0.000000, 0.000000, 20.010615, 164.500000, 7407.000000, 
2, 342.816181, 17.765919, 365.046397, 29.998680, 465.128532, 27.249256, 332.569474, 25.470001, 352.434450, 17.989685, 365.446362, 29.101234, 459.941788, 25.486385, 332.587888, 16.782639, 1507.985536, 51.241928, 29, 0, 9, 0.000015, 2204.000000, 1533254402513.000000, 1533254419678, 6.873685, 7.385034, 11.374914, 341.000000, 6827.000000, 0.000000, 0.000000, 47.821913, 151.500000, 11151.000000, 1.685026, 105.662991, 22.884453, 209.000000, 11151.000000, 0.000000, 0.000000, 16.665192, 206.500000, 11879.000000, 
3, 342.857839, 18.040718, 365.343722, 29.998680, 465.256343, 27.034134, 332.834605, 26.187870, 352.149647, 18.841438, 364.634860, 29.165947, 459.512052, 25.879715, 332.827633, 16.606979, 1507.708350, 51.630701, 28, 0, 2, 0.000010, 2204.000000, 1533254422204.000000, 1533254434220, 0.000000, 0.000000, 31.704697, 220.000000, 1124.000000, 10.894436, 106.036853, 37.844405, 213.000000, 1124.000000, 1.668215, 213.304629, 18.331169, 206.500000, 1124.000000, 0.000000, 0.000000, 16.246086, 207.000000, 1841.000000, 
4, 0.000000, 1.000000, 5, 0, 1, 0.000002, 2204.000000, 1533254436251.000000, 1533254440145, 
5, 131.924833, 3.172752, 237.329058, 22.873663, 202.091762, 34.383171, 361.480304, 29.894051, 132.901592, 4.676048, 235.840786, 23.207882, 203.162131, 32.713577, 359.600093, 13.201087, 932.165280, 46.161819, 21, 0, 7, 0.000009, 2204.000000, 1533254442330.000000, 1533254453869, 9.034676, 231.744996, 3.782528, 132.019259, 4733.000000, 0.000000, 0.000000, 29.198472, 255.500000, 6883.000000, 10.726651, 164.562010, 6.037390, 125.500000, 6883.000000, 0.000000, 0.000000, 0.991216, 92.000000, 6883.000000, 
6, 249.706365, 1.176777, 267.671170, 15.291828, 510.001959, 31.436369, 154.576932, 18.749763, 248.835486, 0.647785, 265.390983, 16.650696, 509.321989, 31.579157, 155.346121, 24.075500, 1180.425503, 34.327369, 22, 0, 6, 0.000013, 2204.000000, 1533254456628.000000, 1533254471872, 0.000000, 0.000000, 13.530090, 94.000000, 8476.000000, 0.000000, 0.000000, 13.473602, 94.000000, 10560.000000, 0.000000, 0.000000, 25.182615, 260.500000, 10560.000000, 0.000000, 0.000000, 21.072315, 154.777434, 10560.000000, 
7, 237.399438, 32.784279, 60.094167, 34.355656, 427.046124, 36.431129, 110.433219, 20.422157, 242.037706, 33.060661, 58.494779, 35.036518, 430.947268, 35.081387, 111.350530, 21.893669, 838.901616, 62.996611, 20, 0, 0, 0.000010, 2204.000000, 1533254474305.000000, 1533254486149, 0.000000, 0.000000, 32.780842, 238.500000, 4255.000000, 0.000000, 0.000000, 33.926817, 58.500000, 4255.000000, 15.047449, 73.121767, 11.691374, 154.000000, 4977.000000, 0.000000, 7.843651, 21.718470, 382.434412, 6428.000000, 
8, 378.010763, 23.511677, 230.234737, 37.763847, 535.441136, 34.627857, 36.012803, 15.967934, 381.916229, 26.279617, 230.563696, 37.715645, 548.209194, 36.441132, 33.027006, 25.740709, 1186.707782, 56.935658, 23, 0, 9, 0.000011, 2204.000000, 1533254488687.000000, 1533254501885, 0.000000, 0.000000, 14.971928, 283.000000, 5247.000000, 0.000000, 0.000000, 4.196791, 183.500000, 6597.000000, 0.000000, 0.000000, 23.981506, 383.500000, 7975.000000, 0.000000, 0.000000, 20.806844, 33.776437, 8673.000000, 
9, 378.909764, 23.694004, 230.212229, 38.295826, 536.886136, 34.029491, 35.669993, 15.342072, 382.168362, 25.713562, 229.583343, 38.609077, 547.610760, 36.441132, 33.342383, 25.676815, 1187.191485, 56.680696, 14, 0, 0, 0.000005, 2204.000000, 1533254504316.000000, 1533254511643, 0.000000, 0.000000, 14.598186, 282.903572, 2050.000000, 16.296141, 232.862234, 8.194290, 205.942544, 2050.000000, 0.000000, 208.206888, 24.384672, 211.000000, 2050.000000, 0.000000, 0.000000, 20.708810, 34.000000, 2050.000000, 
10, 147.685003, 17.289429, 542.197425, 8.445437, 194.945530, 31.436369, 367.309124, 29.844849, 149.039927, 18.537079, 539.488728, 8.428091, 197.185382, 29.740221, 364.861020, 13.760785, 1251.356069, 44.508042, 25, 0, 7, 0.000010, 2204.000000, 1533254514128.000000, 1533254526791, 0.000000, 0.000000, 10.679835, 92.443726, 4035.000000, 0.000000, 0.000000, 37.117744, 233.000000, 6016.000000, 0.000000, 0.000000, 4.236621, 36.500000, 8067.000000, 0.000000, 0.000000, 21.680214, 188.000000, 8067.000000, 
11, 274.514053, 27.073685, 251.895631, 34.115143, 517.974943, 33.314808, 376.779474, 2.923615, 277.798665, 27.043900, 250.264257, 33.859631, 150.073816, 0.713726, 496.147193, 7.352380, 1297.724016, 49.713625, 32, 0, 4, 0.000013, 2204.000000, 1533254530375.000000, 1533254545623, 15.677023, 138.470615, 26.609634, 207.500000, 4460.000000, 16.225101, 171.728636, 17.620910, 194.491128, 6496.000000, 0.000000, 0.000000, 32.995651, 217.500000, 6496.000000, 0.000000, 0.000000, 19.184584, 13.000000, 7854.000000, 
1, 275.019516, 42.233711, 399.572110, 22.932104, 366.170066, 5.995392, 508.824844, 44.124687, 276.831369, 42.294502, 401.082214, 22.258297, 373.188338, 5.542854, 513.147067, 0.962608, 1556.917762, 58.642947, 26, 0, 4, 0.000009, 4060.000000, 1533254579952.000000, 1533254593085, 0.000000, 0.000000, 9.580734, 122.500000, 3186.000000, 0.000000, 0.000000, 5.624615, 68.000000, 3186.000000, 0.000000, 0.000000, 9.152181, 97.000000, 6025.000000, 0.000000, 0.000000, 0.686049, 104.500000, 6717.000000, 
2, 244.474965, 25.530615, 312.919300, 41.668076, 395.395474, 11.821487, 57.440926, 21.907394, 241.089984, 25.392813, 318.366470, 38.913315, 391.925819, 13.415688, 53.903861, 23.615896, 1007.758399, 51.463786, 18, 0, 8, 0.000010, 4060.000000, 1533254593609.000000, 1533254607987, 16.777140, 214.849045, 21.096830, 150.000000, 7927.000000, 16.650753, 154.467826, 15.512873, 101.956755, 7927.000000, 16.321299, 263.558635, 9.356578, 110.000000, 8593.000000, 0.000000, 0.000000, 24.081775, 55.000000, 8593.000000, 
1, 89.947313, 40.284645, 113.369425, 34.006691, 3.997460, 16.837471, 48.248789, 15.802509, 89.269010, 40.833492, 112.824098, 32.181530, 3.610527, 16.640015, 49.021625, 15.527786, 255.144123, 54.465658, 25, 1, 6, 0.000010, 6864.000000, 1533254642027.000000, 1533254658522, 0.000000, 0.000000, 33.202742, 111.500000, 1773.000000, 6.223814, 232.716473, 26.766335, 69.000000, 5865.000000, 0.000000, 0.000000, 15.710846, 48.000000, 7254.000000, 0.000000, 0.000000, 15.347898, 3.000000, 7254.000000, 
2, 482.191044, 6.857264, 473.827116, 23.242413, 197.554103, 36.751678, 163.122401, 35.368828, 484.447236, 8.266359, 467.646773, 21.614777, 199.108143, 35.439903, 162.643825, 35.235603, 1315.270321, 52.110091, 44, 0, 4, 0.000016, 6864.000000, 1533254656276.000000, 1533254678992, 0.000000, 0.000000, 7.192684, 118.500000, 4537.000000, 0.000000, 0.000000, 21.382561, 19.000000, 4537.000000, 0.000000, 0.000000, 9.982543, 161.000000, 6547.000000, 
3, 518.981715, 24.732960, 502.601024, 7.760834, 291.443147, 32.005386, 301.161275, 32.285728, 521.853428, 24.519638, 492.024798, 4.881180, 296.600960, 31.041195, 309.399053, 31.892612, 1617.032700, 49.392454, 37, 0, 5, 0.000018, 6864.000000, 1533254676696.000000, 1533254701470, 0.000000, 0.000000, 17.868465, 124.000000, 10842.000000, 0.000000, 0.000000, 5.828979, 34.000000, 10842.000000, 0.000000, 0.000000, 23.027300, 232.000000, 12950.000000, 0.000000, 0.000000, 13.962761, 166.718822, 13646.000000, 
1, 202.060037, 18.434948, 229.534475, 34.923702, 316.357109, 23.460106, 360.734619, 7.736351, 204.744624, 17.978649, 227.784127, 33.581940, 319.591515, 23.583202, 355.441499, 7.410278, 1108.124002, 43.277554, 59, 0, 9, 0.000022, 6604.000000, 1533328918812.000000, 1533328947578, 0.000000, 0.000000, 16.598598, 138.000000, 6544.000000, 0.000000, 0.000000, 5.272455, 59.000000, 10713.000000, 0.000000, 0.000000, 18.248837, 83.500000, 12755.000000, 0.000000, 0.000000, 6.686512, 188.000000, 15563.000000, 
1, 0.485928, 0.228117, 0.401226, 0.419361, 0.055054, 0.246540, 0.281872, 0.187172, 0.364606, 0.000000, 0.435910, 0.305870, 0.466403, 0.307957, 0.394566, 0.141823, 1.442782, 1.540595, 16, 0, 0, 0.000004, 2805.000000, 1533332854285.000000, 1533332861434, 0.000000, 0.000000, 0.035834, 0.000000, 397.000000, 0.000000, 0.000000, 0.082190, 0.000000, 397.000000, 0.000000, 0.000000, 0.109638, 0.000000, 397.000000, 0.000000, 0.000000, 0.025040, 0.000000, 397.000000, 
1, 0.411989, 0.044244, 0.625061, 0.902655, 138.033735, 4.904034, 0.693901, 0.099243, 0.445081, 0.525635, 0.393170, 0.078815, 332.598044, 12.185730, 321.073355, 17.370224, 397.137168, 3.975088, 32, 2, 6, 0.000013, 6658.000000, 1533332916842.000000, 1533332936214, 0.000000, 0.000000, 0.022808, 0.000000, 406.000000, 1.582395, 0.000000, 0.314371, 0.502477, 406.000000, 0.000000, 139.647200, 1.871971, 2.985819, 406.000000, 0.000000, 0.000000, 0.126148, 0.335120, 406.000000, 
1, 0.167441, 0.175349, 0.262000, 1.487869, 0.226860, 0.221344, 137.218222, 2.150368, 0.062794, 0.306393, 2.553902, 2.082565, 320.824445, 18.412514, 320.774369, 16.542992, 391.045016, 3.017465, 36, 3, 1, 0.000013, 4296.000000, 1533333084246.000000, 1533333101346, 0.000000, 0.000000, 0.000000, 0.000000, 375.000000, 1.584976, 0.000000, 0.533832, 0.000000, 375.000000, 0.000000, 0.000000, 0.028851, 0.000000, 375.000000, 0.000000, 137.071321, 0.098684, 0.000000, 375.000000, 
1, 0.407990, 0.384162, 0.642985, 0.064301, 0.412280, 0.000000, 169.692619, 2.891148, 0.174631, 0.355869, 0.604639, 1.773296, 0.150709, 0.661163, 171.950669, 2.440102, 172.018262, 2.669805, 24, 0, 6, 0.000009, 6589.000000, 1533333179644.000000, 1533333195229, 0.000000, 0.000000, 0.000000, 0.000000, 374.000000, 0.000000, 0.000000, 0.128704, 0.600177, 374.000000, 0.000000, 0.000000, 0.000000, 0.000000, 374.000000, 3.272987, 171.179426, 0.094013, 0.000000, 374.000000, 
1, 0.354875, 0.118149, 0.384143, 0.000004, 293.790455, 19.201996, 281.201633, 23.438873, 0.375511, 0.143936, 0.369701, 0.136097, 294.769244, 18.711037, 279.533094, 22.990509, 575.389328, 22.379511, 35, 1, 4, 0.000013, 11809.000000, 1533333900918.000000, 1533333925518, 0.000000, 0.000000, 0.005508, 0.000000, 373.000000, 0.000000, 0.000000, 0.044066, 0.000000, 373.000000, 6.802391, 139.921847, 0.359360, 0.000000, 373.000000, 0.000000, 0.000000, 0.017094, 0.000000, 373.000000, 
1, 0.142201, 0.635628, 0.285260, 0.170519, 266.662578, 18.923153, 282.160064, 22.427212, 0.903145, 0.008080, 0.530141, 0.147291, 267.718733, 17.727631, 279.851449, 21.451839, 549.126785, 22.078256, 15, 0, 3, 0.000005, 10370.000000, 1533334135199.000000, 1533334150492, 0.000000, 0.000000, 0.112377, 0.000000, 396.000000, 0.000000, 0.000000, 0.000002, 0.000000, 396.000000, 0.000000, 0.000000, 0.101465, 0.000000, 396.000000, 4.118172, 133.765129, 0.776846, 0.000000, 396.000000, 
1, 0.448542, 0.698692, 0.697247, 0.025103, 0.841062, 0.577431, 144.379347, 6.942211, 1.435347, 0.221954, 0.707254, 0.025808, 0.634954, 0.282242, 141.959704, 36.573029, 145.551729, 5.121718, 27, 0, 5, 0.000010, 2225.000000, 1533334203709.000000, 1533334215895, 0.000000, 0.000000, 0.127312, 0.500000, 394.000000, 0.000000, 0.000000, 0.067305, 0.000000, 394.000000, 0.000000, 0.000000, 0.146662, 0.517024, 394.000000, 67.448463, 117.353929, 6.993734, 34.000000, 394.000000, 
1, 0.303667, 0.464546, 0.246578, 0.000000, 0.121365, 0.118134, 0.793514, 0.170016, 0.524872, 0.051249, 0.103777, 0.234642, 0.296728, 0.077484, 0.818940, 0.462985, 1.604720, 1.376348, 20, 0, 0, 0.000006, 2335.000000, 1533577255368.000000, 1533577263285, 0.000000, 0.000000, 0.061685, 0.000000, 418.000000, 0.000000, 0.000000, 0.074562, 0.000000, 418.000000, 0.000000, 0.000000, 0.145321, 0.000000, 418.000000, 0.000000, 0.000000, 0.015377, 0.199135, 418.000000, 
1, 48.044458, 0.693409, 189.339656, 43.341129, 235.977705, 17.125557, 153.611652, 0.145420, 46.900855, 0.949568, 183.106652, 41.344791, 233.724865, 18.783382, 149.841436, 1.040926, 620.273640, 31.652758, 83, 4, 17, 0.000034, 7968.000000, 1533577294822.000000, 1533577336915, 0.000000, 0.000000, 0.397671, 42.500000, 3000.000000, 20.177307, 401.922641, 3.769993, 23.000000, 8909.000000, 4.700624, 436.975025, 27.303585, 63.500000, 16666.000000, 0.000000, 0.000000, 5.944258, 186.391290, 21391.000000, 
1, 19.920889, 2.117149, 58.577288, 17.898018, 149.022046, 2.644936, 490.554764, 4.385265, 19.497300, 2.707726, 60.397506, 16.909271, 148.421909, 2.135731, 482.137133, 5.059532, 714.264417, 14.522684, 28, 3, 11, 0.000013, 16504.000000, 1533578091116.000000, 1533578120699, 0.000000, 0.000000, 1.587124, 19.703404, 5873.000000, 0.000000, 0.000000, 17.123459, 59.000000, 7331.000000, 0.000000, 0.000000, 36.692274, 170.000000, 9477.000000, 0.000000, 0.000000, 2.424978, 148.500000, 10795.000000, 
2, 127.050507, 8.358086, 59.836738, 14.202487, 138.834836, 14.374969, 459.962054, 13.659050, 126.841497, 9.380417, 59.464602, 13.067437, 139.163794, 15.638939, 451.938164, 12.020859, 781.546096, 26.297296, 37, 6, 13, 0.000022, 16504.000000, 1533578121625.000000, 1533578160424, 5.683739, 135.339017, 8.236702, 24.000000, 10873.000000, 0.000000, 0.000000, 13.488268, 59.000000, 13612.000000, 0.000000, 0.000000, 24.673418, 142.380890, 17806.000000, 0.000000, 0.000000, 1.639280, 134.500000, 17806.000000, 
1, 92.896066, 4.033051, 67.012963, 8.575226, 46.015606, 18.059713, 48.237478, 12.300541, 91.475218, 2.457077, 66.296106, 8.697834, 45.496642, 17.781393, 46.734617, 12.409557, 252.082349, 22.484265, 24, 5, 13, 0.000013, 3450.000000, 1533578179454.000000, 1533578195926, 38.429276, 391.455055, 0.693707, 0.000000, 376.000000, 24.732224, 313.755395, 0.942619, 0.000000, 376.000000, 5.516169, 197.176456, 0.436149, 0.000000, 376.000000, 12.437502, 47.282378, 0.428507, 0.000000, 376.000000, 
2, 525.469302, 0.629608, 350.934412, 17.764065, 99.828733, 7.098396, 98.182048, 13.332783, 518.287998, 0.909386, 353.306604, 18.975899, 101.036985, 8.216110, 97.676781, 13.257427, 1072.361432, 20.412426, 28, 2, 12, 0.000018, 3450.000000, 1533578197337.000000, 1533578219242, 0.000000, 0.000000, 12.940180, 97.500000, 7626.000000, 0.000000, 0.000000, 17.994183, 131.000000, 9671.000000, 0.000000, 0.000000, 1.866062, 155.500000, 13863.000000, 0.000000, 0.000000, 13.326866, 100.500000, 13863.000000, 
3, 469.791104, 34.637020, 467.953259, 3.549122, 42.276686, 17.326132, 31.999323, 9.856472, 473.242279, 36.316246, 470.391410, 4.044479, 42.166939, 16.809458, 30.808996, 10.180611, 1014.314997, 33.684373, 20, 2, 10, 0.000012, 3450.000000, 1533578220982.000000, 1533578236654, 0.000000, 7.032456, 12.461945, 35.000000, 7864.000000, 0.000000, 0.000000, 11.874483, 214.000000, 7864.000000, 9.655113, 49.260178, 3.074944, 299.000000, 7864.000000, 0.000000, 0.000000, 17.391169, 43.000000, 9810.000000, 


1, 48.626390, 13.059525, 49.339848, 13.288654, 83.505811, 17.971233, 53.899037, 1.930586, 49.828237, 14.215855, 50.916245, 13.812319, 82.662721, 17.001106, 54.931850, 0.889614, 236.855069, 24.124999, 41, 4, 17, 0.000020, 11288.000000, 1533578362183.000000, 1533578393779, 0.000000, 0.000000, 12.879560, 49.500000, 6709.000000, 0.000000, 0.000000, 1.517063, 83.000000, 9517.000000, 0.000000, 0.000000, 0.572882, 54.500000, 12263.000000, 0.000000, 0.000000, 12.343189, 48.500000, 17114.000000, 
2, 9.070310, 41.563629, 25.723604, 42.397446, 108.941655, 0.381615, 47.432643, 1.276581, 9.493051, 3.416588, 26.307396, 41.983253, 108.510368, 0.000000, 47.928639, 1.332222, 191.703833, 43.809635, 42, 21, 17, 0.000026, 23841.000000, 1533578657304.000000, 1533578707464, 0.000000, 0.000000, 22.195137, 8.000000, 10103.000000, 0.000000, 0.000000, 41.770142, 25.371234, 15455.000000, 21.183781, 6.672763, 0.180328, 108.542285, 17633.000000, 0.000000, 0.000000, 0.182686, 46.797698, 21138.000000, 
3, 3.644626, 0.315676, 22.962667, 40.760872, 30.015119, 2.708855, 34.951753, 34.968422, 3.382470, 0.192065, 23.033465, 40.662834, 30.236102, 42.510445, 34.593242, 35.362465, 91.409722, 40.376912, 36, 22, 16, 0.000035, 23841.000000, 1533578689561.000000, 1533578748146, 0.000000, 0.000000, 0.142497, 3.000000, 20017.000000, 0.000000, 0.000000, 40.019505, 22.000000, 24804.000000, 0.000000, 0.000000, 22.748940, 30.000000, 28825.000000, 0.000000, 0.000000, 34.737757, 34.342277, 31669.000000, 
4, 7.300572, 0.654033, 27.015454, 39.604744, 16.273697, 4.992271, 31.536998, 3.720486, 7.928810, 0.274798, 26.558425, 39.576057, 16.073126, 41.009094, 34.211610, 6.276581, 83.449345, 25.485767, 38, 42, 16, 0.000042, 23841.000000, 1533578731605.000000, 1533578797132, 0.000000, 6.106306, 0.280746, 7.366185, 18614.000000, 0.000000, 0.000000, 39.225716, 26.328613, 31916.000000, 0.000000, 0.000000, 22.788132, 16.000000, 37231.000000, 0.000000, 0.000000, 4.509895, 32.000000, 40001.000000, 

1, 26.535920, 10.800652, 24.534794, 15.710609, 127.182626, 23.648384, 94.822742, 11.600998, 26.534638, 11.065773, 23.598307, 14.356777, 126.747954, 24.884487, 90.548431, 11.446941, 270.252706, 31.880322, 55, 18, 19, 0.000031, 29372.000000, 1533579102910.000000, 1533579163315, 0.000000, 0.000000, 7.083103, 24.500000, 8131.000000, 0.000000, 0.000000, 11.193264, 92.000000, 15232.000000, 7.528661, 274.719477, 12.120879, 115.024754, 16615.000000, 0.000000, 0.000000, 1.360924, 126.500000, 26478.000000, 
2, 12.780726, 6.799910, 20.861818, 10.034386, 48.679069, 14.314472, 36.606454, 15.936275, 13.259904, 7.334380, 20.800616, 10.534515, 49.714171, 15.745865, 34.270027, 15.409336, 118.486392, 24.542522, 57, 11, 12, 0.000037, 29372.000000, 1533579138734.000000, 1533579205188, 0.000000, 0.000000, 9.909733, 20.500000, 22254.000000, 31.179707, 168.569646, 8.251518, 145.000000, 24177.000000, 0.000000, 0.000000, 14.532236, 48.889080, 30381.000000, 0.000000, 0.000000, 7.854412, 13.500000, 33872.000000, 
3, 15.020076, 1.845911, 67.499009, 9.757790, 15.964828, 33.439377, 48.598513, 14.851631, 15.482284, 2.094524, 67.877072, 9.897141, 16.791145, 34.622467, 47.770467, 14.754131, 147.501698, 30.947354, 40, 15, 11, 0.000033, 29372.000000, 1533579180520.000000, 1533579242402, 0.000000, 0.000000, 9.030560, 67.000000, 19496.000000, 0.000000, 5.447363, 9.167826, 47.500000, 22964.000000, 0.000000, 0.000000, 33.466070, 16.273953, 25071.000000, 0.000000, 0.000000, 2.025538, 16.000000, 29399.000000, 
4, 18.349916, 0.394231, 14.971507, 8.790131, 70.214634, 27.613037, 74.878888, 15.712654, 18.797910, 0.067966, 15.255552, 7.954437, 69.302098, 28.768127, 70.369018, 15.538952, 176.069762, 27.255026, 32, 21, 15, 0.000032, 29372.000000, 1533579218751.000000, 1533579280306, 0.000000, 0.000000, 9.005558, 14.500000, 15084.000000, 19.985609, 16.373677, 5.637407, 76.000000, 18451.000000, 0.000000, 26.766632, 26.669127, 70.016824, 21093.000000, 0.000000, 0.000000, 0.376184, 18.000000, 29792.000000, 
5, 23.692707, 1.545066, 16.198998, 15.893105, 104.221204, 19.615562, 278.929638, 9.462322, 23.920738, 0.849663, 16.856163, 15.588753, 119.611101, 15.933720, 100.357777, 5.322083, 341.894163, 24.258028, 59, 8, 13, 0.000036, 29372.000000, 1533579256195.000000, 1533579322010, 0.000000, 0.000000, 6.980942, 16.000000, 21947.000000, 1.816339, 2.979353, 18.429644, 101.000000, 25311.000000, 0.000000, 0.000000, 1.483144, 23.500000, 30024.000000, 0.000000, 0.000000, 9.216059, 120.500000, 33323.000000, 
6, 21.862152, 39.655334, 21.948063, 10.488800, 67.824593, 14.618420, 66.184024, 23.921711, 22.452728, 5.194429, 21.547802, 11.292435, 66.090036, 15.281734, 61.055206, 24.891933, 174.482302, 45.342133, 35, 11, 14, 0.000030, 29372.000000, 1533579297601.000000, 1533579356749, 0.000000, 0.000000, 11.009048, 21.000000, 14312.000000, 15.555805, 38.230594, 0.234653, 82.000000, 17715.000000, 4.425655, 30.276187, 10.959932, 66.673055, 19659.000000, 0.000000, 0.000000, 22.975048, 21.500000, 26562.000000, 
7, 24.615700, 39.178680, 21.644522, 1.863251, 61.839229, 1.499123, 87.097393, 13.293369, 24.251240, 5.194429, 21.673599, 2.136688, 59.788186, 1.080711, 82.950408, 12.788872, 191.930138, 28.917212, 39, 12, 13, 0.000031, 29372.000000, 1533579332486.000000, 1533579392971, 0.000000, 0.000000, 2.483879, 21.000000, 15096.000000, 0.000000, 0.000000, 10.980278, 84.000000, 17702.000000, 0.000000, 0.000000, 1.043163, 60.500000, 23740.000000, 0.000000, 0.000000, 22.953850, 24.500000, 27273.000000, 

1, 95.965911, 26.785980, 40.688537, 6.243324, 42.548641, 0.731895, 90.136654, 1.950222, 95.820796, 26.108551, 41.110508, 5.360043, 42.151165, 2.125290, 87.554749, 4.363392, 267.988480, 18.855711, 64, 9, 11, 0.000028, 13836.000000, 1533579697582.000000, 1533579739500, 0.000000, 0.000000, 0.924007, 42.500000, 7284.000000, 0.000000, 0.000000, 5.216440, 40.000000, 12140.000000, 0.000000, 0.000000, 26.339287, 93.500000, 19863.000000, 0.000000, 0.000000, 1.957056, 88.530268, 24180.000000, 
2, 86.221066, 7.995609, 53.787879, 16.406349, 51.435355, 0.334412, 113.795775, 8.710396, 85.680608, 7.515598, 54.083736, 14.985027, 50.712439, 0.196930, 110.091180, 7.366604, 302.904019, 17.723383, 38, 15, 11, 0.000031, 13836.000000, 1533579731036.000000, 1533579775748, 0.000000, 0.000000, 0.118130, 50.000000, 15056.000000, 0.000000, 0.000000, 15.130178, 53.745766, 18290.000000, 0.000000, 0.000000, 7.872343, 112.000000, 22221.000000, 0.000000, 0.000000, 7.669470, 85.500000, 26342.000000, 
3, 81.528649, 0.150078, 54.980017, 27.659828, 51.591155, 2.073410, 119.047583, 14.507256, 81.509097, 44.847954, 54.993574, 26.816101, 51.163385, 1.133781, 117.438202, 14.889858, 306.125831, 23.195286, 47, 9, 10, 0.000032, 13836.000000, 1533579767287.000000, 1533579812793, 0.000000, 0.000000, 1.762344, 50.500000, 15060.000000, 0.000000, 0.000000, 27.125248, 54.000000, 19145.000000, 2.246691, 87.095414, 11.165453, 164.500000, 21793.000000, 0.000000, 0.000000, 23.931403, 81.000000, 26514.000000, 
4, 81.544146, 19.225273, 45.519481, 26.290474, 44.560661, 4.244225, 140.177938, 2.563770, 80.376049, 19.283363, 45.776493, 25.654816, 43.801129, 4.746147, 136.794167, 3.266117, 309.275032, 27.161871, 52, 17, 17, 0.000038, 13836.000000, 1533579803613.000000, 1533579855856, 0.000000, 2.685249, 2.000450, 39.500000, 17172.000000, 13.930149, 0.000000, 12.605051, 45.031972, 20463.000000, 132.073486, 0.000000, 8.127575, 80.500000, 27765.000000, 10.436853, 17.909771, 2.339088, 138.010869, 33145.000000, 
5, 166.860031, 13.701710, 57.495429, 35.110847, 68.638250, 1.981438, 106.686584, 14.924225, 165.313332, 13.652859, 57.599259, 32.883484, 67.866051, 3.868111, 106.087042, 15.000896, 398.272988, 33.859110, 48, 12, 20, 0.000037, 13836.000000, 1533579846935.000000, 1533579897281, 4.299793, 12.537825, 1.524326, 52.500000, 15787.000000, 176.878273, 0.000000, 18.220263, 56.934892, 18617.000000, 31.254548, 11.438828, 2.001926, 109.000000, 24006.000000, 0.000000, 0.000000, 1.453198, 156.000000, 28123.000000, 
6, 151.671592, 18.128292, 52.268197, 26.184563, 61.324459, 2.267715, 111.066892, 0.542255, 151.250803, 18.308365, 51.375818, 25.243073, 60.435571, 1.951248, 109.548996, 1.421444, 374.471163, 24.561413, 79, 9, 10, 0.000042, 13836.000000, 1533579890604.000000, 1533579946770, 0.000000, 0.000000, 2.207443, 60.500000, 18560.000000, 0.000000, 0.000000, 24.815422, 51.349224, 21864.000000, 53.425921, 208.784723, 4.659557, 165.500000, 23871.000000, 0.000000, 0.000000, 42.281374, 149.500000, 36579.000000, 
7, 163.669881, 6.701469, 49.012229, 6.297889, 78.429902, 4.613876, 110.312289, 2.963772, 164.901895, 7.391533, 49.883941, 6.270310, 76.991989, 4.229980, 107.967759, 2.051044, 400.584943, 11.288503, 58, 22, 18, 0.000042, 13836.000000, 1533579938749.000000, 1533579994911, 0.000000, 0.000000, 4.805672, 77.500000, 19052.000000, 6.432201, 0.000000, 0.575650, 48.500000, 22955.000000, 0.000000, 0.000000, 16.919840, 163.500000, 29815.000000, 0.000000, 13.733368, 2.591372, 108.834435, 35220.000000, 
8, 151.803847, 13.864391, 32.117560, 21.580109, 62.308266, 6.868446, 114.030309, 12.691345, 150.162048, 14.178493, 31.625558, 20.466660, 61.156912, 6.249191, 112.797759, 12.100388, 358.001130, 28.502146, 42, 16, 12, 0.000033, 13836.000000, 1533579986774.000000, 1533580033846, 25.888393, 18.258471, 8.855711, 50.000000, 15180.000000, 0.000000, 0.000000, 20.342102, 31.000000, 22629.000000, 0.000000, 0.000000, 12.435343, 112.500000, 26035.000000, 0.000000, 0.000000, 6.718596, 150.500000, 29401.000000, 
9, 172.565297, 1.192749, 60.766852, 34.420570, 52.142969, 8.779327, 106.938342, 0.037655, 169.782235, 1.066803, 61.656929, 33.471649, 50.346665, 35.059425, 108.126211, 0.905277, 391.162750, 23.215151, 50, 16, 20, 0.000039, 13836.000000, 1533580025666.000000, 1533580078137, 21.050709, 0.000000, 7.318562, 54.500000, 16473.000000, 88.232965, 52.549504, 2.151525, 60.800316, 19048.000000, 0.000000, 0.000000, 8.286156, 152.000000, 25217.000000, 22.455633, 13.236858, 0.091885, 107.545423, 32609.000000, 

1, 130.402809, 2.138046, 62.924471, 8.817327, 104.431517, 7.494667, 95.446956, 34.543205, 129.672650, 1.497795, 61.478082, 8.400030, 102.241148, 7.523823, 95.181105, 33.662048, 390.889370, 27.496623, 50, 8, 14, 0.000024, 19834.000000, 1533584818463.000000, 1533584862295, 12.610627, 104.331945, 12.816002, 95.000000, 5231.000000, 0.000000, 0.000000, 21.485751, 75.897026, 8138.000000, 34.135668, 64.352041, 0.256100, 136.000000, 13690.000000, 0.000000, 0.000000, 0.895805, 101.500000, 19358.000000, 
2, 116.007327, 14.308815, 77.489455, 0.105000, 175.546693, 21.543510, 140.110507, 5.687111, 115.064200, 30.562218, 77.693425, 0.255203, 171.894201, 21.161261, 139.343044, 38.589157, 506.574426, 21.822218, 112, 22, 16, 0.000061, 19834.000000, 1533584849111.000000, 1533584930224, 65.963409, 324.500346, 13.270901, 115.060063, 29811.000000, 11.569319, 20.909908, 0.019896, 56.500000, 36774.000000, 130.806480, 0.000000, 0.059156, 139.000000, 42250.000000, 0.000000, 0.000000, 14.469013, 150.500000, 47069.000000, 
3, 347.287103, 42.836197, 95.904293, 39.915466, 185.363386, 11.700140, 118.423205, 6.600685, 344.185577, 42.139042, 95.641928, 39.988598, 182.372141, 11.725117, 116.975138, 5.580528, 743.076386, 51.526244, 51, 15, 20, 0.000040, 19834.000000, 1533584918120.000000, 1533584977592, 311.115690, 118.915432, 13.131500, 116.500000, 15181.000000, 0.000000, 47.291502, 6.647376, 86.848793, 18708.000000, 48.507362, 42.311710, 8.204922, 115.500000, 22207.000000, 43.950851, 0.000000, 5.200350, 127.500000, 33523.000000, 
4, 358.011766, 5.384064, 120.348897, 38.306259, 174.274857, 17.869785, 140.094727, 5.760155, 354.517519, 6.409832, 119.809167, 39.319569, 172.323466, 17.744673, 139.165207, 38.589157, 789.272804, 34.660131, 42, 13, 13, 0.000033, 19834.000000, 1533584965568.000000, 1533585018272, 98.184592, 96.996072, 5.382202, 139.000000, 16527.000000, 0.000000, 0.000000, 27.246727, 137.349425, 21509.000000, 0.000000, 0.000000, 33.241667, 120.500000, 24943.000000, 0.000000, 0.000000, 10.672440, 149.876842, 27716.000000, 
5, 365.837747, 6.220947, 83.678050, 20.419865, 185.515278, 8.884583, 130.513696, 1.896515, 362.253812, 7.039429, 83.944414, 20.791153, 183.711053, 9.372093, 129.580763, 2.596764, 762.517406, 19.710955, 56, 5, 11, 0.000035, 19834.000000, 1533585004460.000000, 1533585059332, 0.000000, 0.000000, 2.477882, 129.500000, 22634.000000, 0.000000, 0.000000, 15.085443, 135.892390, 25508.000000, 0.000000, 0.000000, 15.136698, 83.000000, 28354.000000, 0.000000, 0.000000, 3.050901, 141.175370, 31094.000000, 

1, 48.461461, 11.126877, 111.456656, 29.994825, 65.090113, 7.953079, 16.233069, 16.998135, 48.034187, 11.377235, 111.845402, 30.176493, 64.251691, 8.111443, 16.857949, 17.270943, 241.115265, 34.036458, 46, 25, 31, 0.000035, 33951.000000, 1533585595328.000000, 1533585664050, 18.402138, 236.157710, 10.344160, 15.000000, 4604.000000, 16.635508, 18.756991, 3.552830, 51.000000, 10253.000000, 0.000000, 0.000000, 25.907841, 111.500000, 18898.000000, 0.000000, 16.142563, 11.490948, 28.500000, 23947.000000, 
2, 76.844029, 3.196732, 32.639533, 3.358976, 73.832593, 9.104591, 19.708529, 7.505459, 74.657170, 3.247116, 33.540253, 3.180988, 73.784320, 9.425972, 20.647322, 5.776802, 202.826874, 12.582879, 39, 10, 27, 0.000036, 33951.000000, 1533585637303.000000, 1533585707093, 0.000000, 0.000000, 6.079859, 20.000000, 17132.000000, 0.000000, 0.000000, 2.820744, 73.500000, 22122.000000, 0.000000, 0.000000, 3.400414, 75.000000, 31982.000000, 0.000000, 0.000000, 2.865433, 32.500000, 31982.000000, 
3, 76.614991, 4.909065, 63.449450, 3.071245, 75.942674, 10.988647, 9.545900, 0.420841, 74.510290, 5.033554, 63.999328, 3.472713, 76.142875, 11.143730, 9.040121, 0.167534, 224.622814, 10.694900, 48, 20, 18, 0.000039, 33951.000000, 1533585680989.000000, 1533585754166, 8.864691, 262.338405, 0.683409, 8.500000, 19286.000000, 0.000000, 0.000000, 0.445551, 8.500000, 25454.000000, 0.000000, 0.000000, 4.203403, 75.000000, 29608.000000, 0.000000, 0.000000, 3.129925, 62.500000, 35295.000000, 
4, 98.172153, 10.054939, 62.205123, 3.632950, 72.522094, 7.375648, 11.866621, 6.212799, 97.065160, 10.189919, 62.398959, 3.827381, 72.381958, 7.552475, 11.549425, 6.030491, 244.080747, 14.638168, 32, 41, 19, 0.000042, 33951.000000, 1533585727519.000000, 1533585803024, 0.000000, 0.000000, 6.255764, 11.500000, 18422.000000, 3.925316, 69.086250, 0.498783, 125.000000, 26203.000000, 19.571995, 194.066845, 7.226870, 79.500000, 39174.000000, 0.000000, 0.000000, 3.994462, 61.500000, 39861.000000, 
5, 91.369673, 16.675884, 32.841043, 8.031654, 111.340043, 15.978577, 9.747902, 13.441612, 88.751998, 17.199303, 33.436928, 7.806768, 110.861672, 16.309509, 8.698259, 13.663235, 243.523759, 28.063864, 42, 38, 18, 0.000044, 33951.000000, 1533585774515.000000, 1533585852619, 4.123344, 9.758503, 8.488506, 13.500000, 13820.000000, 0.000000, 0.000000, 16.593338, 110.500000, 29426.000000, 14.678877, 183.444525, 11.151909, 60.500000, 34446.000000, 0.000000, 0.000000, 7.718423, 33.000000, 38766.000000, 
6, 61.302985, 24.034290, 50.081716, 6.606682, 69.319200, 10.117294, 11.788823, 13.958740, 60.130756, 22.625977, 50.537099, 6.899153, 68.502509, 10.966072, 12.383655, 13.610374, 192.023371, 28.358503, 42, 5, 21, 0.000033, 33951.000000, 1533585824985.000000, 1533585891962, 10.748516, 134.602152, 9.976353, 10.500000, 16561.000000, 0.000000, 0.000000, 7.716784, 40.500000, 21320.000000, 0.000000, 0.000000, 22.618040, 60.000000, 26306.000000, 0.000000, 0.000000, 7.105686, 49.000000, 29207.000000, 
7, 80.874199, 4.909065, 43.472595, 14.801998, 84.4417s16, 7.236916, 7.281075, 15.667610, 79.083766, 5.087753, 44.592090, 14.277846, 83.736279, 7.552475, 7.712958, 15.480160, 215.597339, 22.307795, 50, 24, 24, 0.000044, 33951.000000, 1533585864367.000000, 1533585942050, 0.000000, 0.000000, 15.256489, 7.000000, 15261.000000, 14.461362, 44.455343, 0.143775, 43.388908, 23702.000000, 0.000000, 0.000000, 6.852428, 83.736088, 28720.000000, 0.000000, 0.000000, 4.698139, 79.000000, 34929.000000, 

1, 57.122932, 0.788921, 78.870557, 30.122898, 16.716984, 16.422365, 37.804084, 7.236923, 55.495945, 0.189556, 78.392754, 29.953609, 18.400933, 17.561237, 38.561442, 7.695484, 190.682816, 28.285554, 60, 53, 29, 0.000048, 66570.000000, 1533587266461.000000, 1533587380880, 0.000000, 33.582731, 0.172327, 22.500000, 11251.000000, 0.000000, 0.000000, 16.918874, 16.500000, 27157.000000, 0.000000, 53.709132, 7.918198, 17.000000, 27157.000000, 0.000000, 0.000000, 8.279678, 78.500000, 41180.000000, 
2, 67.785167, 1.974934, 68.176875, 35.125942, 31.800401, 15.939096, 48.059233, 5.389317, 65.237399, 3.166733, 67.391709, 36.719784, 33.098966, 17.341949, 48.774509, 4.264526, 215.162129, 30.214644, 45, 21, 26, 0.000041, 66570.000000, 1533587321761.000000, 1533587429642, 0.000000, 0.000000, 2.715113, 65.000000, 20622.000000, 0.000000, 0.000000, 5.033976, 47.500000, 26758.000000, 0.000000, 0.000000, 15.415820, 31.443827, 31044.000000, 0.000000, 0.000000, 2.936722, 67.500000, 37448.000000, 
3, 92.541808, 6.279404, 65.078151, 34.345272, 58.239413, 39.343788, 32.722691, 12.551472, 89.162877, 7.768223, 63.931491, 34.923347, 59.818778, 40.419395, 33.019329, 12.607616, 247.257269, 47.259968, 32, 31, 19, 0.000038, 66570.000000, 1533587375238.000000, 1533587480034, 3.644691, 157.731646, 3.535170, 77.797960, 35709.000000, 4.194487, 126.842254, 34.604084, 62.000000, 35709.000000, 8.576660, 119.070749, 26.011238, 45.000000, 35709.000000, 0.000000, 0.000000, 12.648392, 32.249801, 36425.000000, 
4, 83.713246, 8.085762, 63.580237, 40.085129, 40.956569, 31.139879, 30.232833, 12.431347, 81.412950, 7.050949, 62.831996, 40.876419, 41.475758, 32.252060, 30.889494, 12.486107, 217.546542, 46.871058, 105, 7, 18, 0.000054, 66570.000000, 1533587419550.000000, 1533587540099, 0.000000, 0.000000, 7.144373, 82.310965, 39473.000000, 0.000000, 0.000000, 12.528643, 30.000000, 42934.000000, 0.000000, 0.000000, 31.083571, 40.500000, 45809.000000, 0.000000, 0.000000, 1.158428, 63.000000, 50036.000000, 
5, 92.705573, 9.335003, 53.125298, 37.665623, 33.024409, 20.180540, 12.756497, 16.874462, 92.103321, 10.142155, 52.419446, 38.083710, 34.250782, 21.506920, 13.026099, 16.808094, 191.705712, 43.027814, 61, 21, 20, 0.000044, 66570.000000, 1533587478350.000000, 1533587589366, 0.000000, 0.000000, 8.973942, 91.500000, 28604.000000, 15.711063, 265.716078, 16.485022, 12.000000, 31403.000000, 0.000000, 0.000000, 20.735702, 32.890134, 35723.000000, 0.000000, 0.000000, 16.531683, 12.000000, 42000.000000, 
6, 78.635592, 7.330757, 66.126195, 29.195709, 45.892901, 23.811625, 33.559098, 17.541767, 76.085786, 8.275440, 64.695615, 29.337551, 47.021374, 24.013275, 34.439244, 17.335773, 223.227903, 39.939929, 36, 21, 19, 0.000036, 66570.000000, 1533587529075.000000, 1533587631443, 0.000000, 0.000000, 6.465311, 76.857508, 21295.000000, 0.000000, 0.000000, 17.361565, 34.000000, 24207.000000, 0.000000, 0.000000, 23.621974, 46.331209, 28427.000000, 0.000000, 0.000000, 9.111320, 65.500000, 32582.000000, 

1, 172.247399, 43.533501, 125.514055, 7.042706, 88.181643, 7.537334, 57.387703, 5.527542, 175.039857, 43.749844, 124.821448, 7.644745, 86.208108, 8.294746, 56.711566, 4.249195, 443.055890, 32.820541, 45, 45, 46, 0.000047, 70602.000000, 1533587973233.000000, 1533588090392, 35.350562, 138.538538, 5.276562, 149.794737, 12122.000000, 0.000000, 0.000000, 6.723740, 124.293555, 22622.000000, 0.000000, 0.000000, 7.323009, 86.485205, 26941.000000, 0.000000, 0.000000, 4.393066, 56.500000, 43385.000000, 
2, 58.331874, 39.903664, 31.978719, 7.391201, 33.789848, 15.086357, 82.354731, 9.093332, 56.739493, 39.579403, 31.759424, 8.312889, 33.692471, 13.233257, 83.032167, 9.791477, 205.839363, 36.737277, 70, 15, 17, 0.000045, 70602.000000, 1533588025447.000000, 1533588140669, 11.120737, 383.458498, 5.167637, 186.234709, 15737.000000, 0.000000, 246.412646, 6.989508, 31.629096, 23916.000000, 0.000000, 0.000000, 13.308338, 33.197854, 32297.000000, 0.000000, 0.000000, 8.862375, 82.202058, 36600.000000, 
3, 95.118240, 39.678970, 89.505485, 3.103363, 77.927080, 25.128817, 91.545882, 1.128841, 92.597460, 39.821842, 87.600897, 3.531452, 74.414995, 23.724224, 90.039221, 0.793129, 349.374630, 35.519996, 101, 30, 41, 0.000070, 70602.000000, 1533588076409.000000, 1533588216819, 18.595186, 29.359514, 10.264280, 78.693212, 32179.000000, 48.128463, 80.577999, 2.911648, 36.694944, 39934.000000, 23.842896, 504.465522, 0.208620, 29.241177, 42017.000000, 10.682749, 159.744570, 0.075191, 76.909941, 55517.000000, 
4, 136.010542, 10.472908, 80.231897, 7.265545, 54.139974, 11.534618, 22.204838, 1.018749, 130.122960, 10.012825, 78.886204, 7.921745, 53.632213, 12.414295, 21.882637, 1.622677, 288.555633, 16.145910, 50, 20, 22, 0.000041, 70602.000000, 1533588151704.000000, 1533588263398, 0.000000, 0.000000, 7.909994, 104.841290, 25280.000000, 0.000000, 0.000000, 7.112431, 78.902014, 28652.000000, 0.000000, 0.000000, 11.313616, 53.428752, 33010.000000, 0.000000, 58.475362, 0.868288, 22.094183, 35848.000000, 
5, 171.332809, 29.587915, 119.806380, 1.660282, 92.983500, 5.335106, 35.311917, 7.964191, 167.913813, 29.540154, 118.898277, 0.234940, 91.888763, 3.898922, 35.154652, 6.589123, 416.645056, 23.273747, 45, 19, 38, 0.000045, 70602.000000, 1533588199129.000000, 1533588314648, 17.012881, 210.447931, 3.578517, 118.236218, 19207.000000, 27.223201, 305.201599, 0.619822, 110.916793, 23467.000000, 24.398504, 183.936137, 4.246042, 88.291334, 26955.000000, 0.000000, 0.000000, 6.870762, 34.958227, 41123.000000, 

1, 46.426432, 11.341103, 23.874078, 40.393703, 5.006390, 38.284081, 31.129639, 29.868626, 45.992111, 33.238754, 22.913610, 40.517365, 7.520117, 38.453712, 32.848595, 28.695606, 107.855486, 60.943756, 36, 5, 17, 0.000019, 51760.000000, 1533588805698.000000, 1533588876385, 88.553211, 0.000000, 22.251720, 45.861882, 4534.000000, 10.729431, 25.410788, 7.035589, 18.500000, 8794.000000, 0.000000, 0.000000, 8.903253, 22.500000, 12257.000000, 0.000000, 0.000000, 30.719875, 31.982112, 17174.000000, 
2, 40.225096, 26.819084, 25.044781, 21.925232, 14.471047, 44.961235, 39.446025, 1.329536, 39.836489, 26.291702, 24.540392, 20.843937, 15.335075, 1.532822, 41.984170, 1.386971, 120.441538, 48.517544, 28, 14, 12, 0.000028, 51760.000000, 1533588830530.000000, 1533588910640, 0.000000, 0.000000, 26.141251, 39.500000, 16817.000000, 0.000000, 0.000000, 14.142942, 13.500000, 23848.000000, 0.000000, 0.000000, 7.728638, 24.500000, 24503.000000, 0.000000, 0.000000, 1.492430, 39.795695, 26649.000000, 
3, 33.099862, 11.552200, 18.500016, 23.459457, 5.494410, 41.799545, 41.977667, 40.737148, 33.512474, 33.139626, 19.154840, 23.904522, 7.295834, 43.555878, 44.388329, 4.030205, 101.711716, 59.774176, 24, 33, 21, 0.000036, 51760.000000, 1533588865313.000000, 1533588953262, 66.359386, 0.000000, 22.254250, 32.658526, 16739.000000, 6.740269, 0.000000, 11.698568, 6.000000, 24366.000000, 0.000000, 0.000000, 9.884995, 18.500000, 25023.000000, 0.000000, 0.000000, 22.532393, 42.500000, 35228.000000, 
4, 42.627814, 5.796638, 34.995365, 24.046333, 5.146998, 0.911469, 48.407820, 39.384647, 43.262213, 6.603218, 33.742810, 23.497532, 5.223824, 2.574730, 50.824781, 5.332157, 132.115812, 36.069544, 29, 22, 13, 0.000032, 51760.000000, 1533588908959.000000, 1533588992303, 0.000000, 0.000000, 6.025154, 42.000000, 18922.000000, 0.000000, 0.000000, 15.392111, 4.500000, 23737.000000, 0.000000, 0.000000, 9.103035, 33.000000, 27232.000000, 22.188622, 0.000000, 22.317768, 49.181737, 29909.000000, 
5, 48.054279, 10.668022, 16.958182, 13.828651, 8.969279, 35.978111, 31.887204, 35.134190, 48.877864, 34.265823, 15.434754, 14.612408, 9.222011, 38.453712, 34.914292, 33.957249, 107.158932, 48.804487, 48, 32, 18, 0.000043, 51760.000000, 1533588946401.000000, 1533589041236, 154.282784, 108.188033, 8.605598, 21.261856, 15287.000000, 4.435875, 6.809678, 3.793158, 8.500000, 21659.000000, 154.781364, 0.000000, 21.296714, 15.500000, 27077.000000, 0.000000, 0.000000, 33.304638, 32.689119, 36611.000000, 
6, 44.840732, 8.597260, 14.486809, 12.066261, 14.263886, 9.766144, 29.379199, 37.203007, 45.555262, 8.456337, 12.933994, 11.696377, 15.666842, 10.681198, 31.218948, 36.805439, 104.172836, 34.816336, 34, 11, 11, 0.000029, 51760.000000, 1533588995772.000000, 1533589076212, 0.000000, 0.000000, 8.691608, 44.500000, 17426.000000, 0.000000, 0.000000, 23.343916, 14.500000, 19571.000000, 0.000000, 0.000000, 25.636618, 13.000000, 22312.000000, 0.000000, 0.000000, 37.312901, 30.000000, 25679.000000, 
7, 36.033251, 30.888237, 15.823189, 27.357269, 6.365561, 42.492599, 40.652293, 38.311817, 36.820083, 30.434090, 16.281406, 26.392391, 7.626396, 42.954597, 41.538491, 38.319950, 100.570335, 70.524961, 27, 27, 10, 0.000031, 51760.000000, 1533589030269.000000, 1533589113035, 0.000000, 0.000000, 30.196133, 36.352833, 17277.000000, 0.000000, 0.000000, 11.308226, 6.000000, 20707.000000, 86.710461, 0.000000, 13.032837, 16.000000, 26090.000000, 0.000000, 0.000000, 38.339180, 40.895012, 28729.000000, 
8, 41.549345, 31.355736, 18.582801, 29.580208, 8.655251, 42.603630, 39.946573, 0.557156, 42.229636, 30.747734, 17.913508, 14.932491, 9.764539, 43.327606, 42.559522, 1.246540, 110.600588, 53.048365, 32, 11, 13, 0.000029, 51760.000000, 1533589066794.000000, 1533589147325, 0.000000, 0.000000, 30.439987, 41.472747, 17143.000000, 43.719685, 0.000000, 14.276482, 17.500000, 19950.000000, 0.000000, 0.000000, 42.629826, 8.500000, 22782.000000, 0.000000, 0.000000, 0.704285, 40.443389, 26316.000000, 
9, 55.585343, 32.863174, 20.679837, 23.576706, 2.646010, 44.596939, 27.189931, 38.311817, 56.062696, 31.901596, 20.789906, 24.183010, 2.955679, 0.472389, 27.893140, 38.825314, 106.901271, 70.674318, 44, 41, 13, 0.000044, 51760.000000, 1533589103375.000000, 1533589199115, 0.000000, 247.515684, 29.590199, 55.404614, 13181.000000, 0.000000, 0.000000, 13.336851, 2.000000, 22563.000000, 0.000000, 64.390419, 9.768791, 69.000000, 29520.000000, 0.000000, 0.000000, 38.038647, 26.000000, 41497.000000, 

1, 12.330868, 4.756256, 111.826762, 3.914711, 67.336233, 14.260368, 90.704996, 2.709793, 12.580778, 4.722404, 111.224252, 4.969742, 66.335465, 15.594746, 92.185394, 2.521759, 282.262374, 13.820564, 98, 105, 17, 0.000077, 188094.000000, 1533589482195.000000, 1533589747575, 7.042881, 23.724820, 0.947987, 73.500000, 7340.000000, 0.000000, 0.000000, 3.596401, 111.056637, 21826.000000, 16.712336, 218.576922, 7.107122, 66.548488, 33542.000000, 0.000000, 0.000000, 9.586779, 39.000000, 68959.000000, 
1, 31.448925, 21.585663, 7.939031, 3.801441, 21.254877, 1.050438, 6.619057, 5.776802, 31.097766, 21.632963, 7.971113, 3.714317, 20.805696, 0.368591, 7.216505, 4.951721, 67.176485, 17.107172, 79, 122, 43, 0.000085, 202585.000000, 1533589935838.000000, 1533590223405, 5.820078, 115.108060, 0.503839, 109.500000, 7599.000000, 12.121647, 40.717670, 2.261858, 16.500000, 32186.000000, 5.515947, 5.613419, 6.151744, 10.500000, 63367.000000, 0.000000, 0.000000, 21.391982, 30.500000, 81823.000000, 
1, 109.309077, 1.805958, 84.386561, 14.444046, 6.582446, 14.751068, 53.643454, 20.990410, 108.107600, 1.025517, 5.999557, 15.361618, 85.073884, 13.464096, 52.213256, 20.530411, 252.657918, 26.995741, 52, 67, 53, 0.000059, 71440.000000, 1533590852345.000000, 1533590982864, 15.486113, 133.166395, 1.030542, 94.684297, 27855.000000, 0.000000, 0.000000, 7.898827, 83.860700, 27855.000000, 0.000000, 0.000000, 11.288803, 51.500000, 54486.000000, 0.000000, 0.000000, 8.873932, 7.000000, 54486.000000, 
2, 37.758530, 1.135166, 60.618866, 24.258831, 50.456203, 2.161079, 29.271163, 13.564987, 37.580013, 1.684689, 50.661869, 2.413765, 61.171983, 23.552261, 27.981232, 13.717766, 177.749930, 21.560032, 37, 17, 44, 0.000043, 71440.000000, 1533590917464.000000, 1533591032225, 5.716255, 52.709018, 3.176241, 53.500000, 34565.000000, 0.000000, 0.000000, 3.871336, 47.500000, 34565.000000, 8.089598, 149.501161, 6.099144, 64.000000, 34565.000000, 0.000000, 0.000000, 15.550344, 42.500000, 39423.000000, 
3, 90.575595, 2.468121, 36.432338, 31.001114, 64.373469, 17.666733, 16.745922, 26.418602, 88.828317, 1.495148, 63.121231, 17.617134, 37.357738, 30.677277, 16.105691, 26.009201, 206.770151, 39.777285, 31, 28, 59, 0.000051, 71440.000000, 1533590969533.000000, 1533591091996, 0.000000, 0.000000, 1.513552, 89.000000, 47147.000000, 0.000000, 0.000000, 8.616035, 63.500000, 47147.000000, 0.000000, 0.000000, 21.541536, 36.495883, 47147.000000, 0.000000, 0.000000, 25.962151, 15.500000, 47147.000000, 
4, 13.872921, 0.066395, 66.494069, 20.236839, 52.396097, 19.803520, 106.938357, 19.877083, 14.921420, 0.636711, 53.792558, 25.769325, 64.866144, 20.185806, 106.791723, 21.195887, 240.036645, 30.991919, 163, 23, 28, 0.000084, 71440.000000, 1533591027270.000000, 1533591182633, 9.121756, 69.302980, 4.071121, 96.500000, 63508.000000, 0.000000, 0.000000, 8.373951, 106.500000, 81427.000000, 0.000000, 0.000000, 0.520729, 13.000000, 81427.000000, 0.000000, 0.000000, 10.387272, 51.500000, 81427.000000, 
1, 47.665712, 43.002113, 27.791371, 18.870136, 39.103690, 5.643715, 57.583356, 15.734797, 47.474897, 1.507436, 26.677881, 17.967686, 39.229503, 5.868679, 57.114786, 15.875628, 171.320598, 42.625381, 47, 18, 23, 0.000029, 24674.000000, 1533591301437.000000, 1533591355587, 0.000000, 4.158588, 22.288124, 42.500000, 8700.000000, 0.000000, 0.000000, 18.289503, 26.760038, 12235.000000, 0.000000, 0.000000, 14.831043, 57.000000, 26293.000000, 0.000000, 0.000000, 15.023710, 47.500000, 26293.000000, 
2, 61.260283, 43.002113, 32.720225, 15.930702, 42.911759, 24.436798, 16.176902, 14.485083, 60.191066, 2.245743, 31.180728, 14.666340, 42.518784, 24.012859, 16.552803, 14.656752, 151.756275, 49.927348, 47, 12, 17, 0.000037, 24674.000000, 1533591337657.000000, 1533591399246, 0.000000, 0.000000, 15.566476, 42.000000, 17980.000000, 0.000000, 0.000000, 14.508242, 31.133488, 23782.000000, 0.000000, 0.000000, 14.732403, 61.000000, 28038.000000, 0.000000, 0.000000, 14.497837, 15.000000, 32295.000000, 
3, 60.884405, 38.817200, 32.985685, 38.348175, 41.898699, 25.822716, 30.306485, 39.174423, 60.214668, 5.856014, 30.997334, 37.130932, 41.959154, 25.701361, 31.196563, 38.447533, 165.221497, 72.081257, 30, 33, 17, 0.000037, 24674.000000, 1533591380745.000000, 1533591442510, 0.000000, 0.000000, 15.469692, 41.500000, 15930.000000, 4.945623, 357.095139, 12.236862, 31.332259, 17255.000000, 0.000000, 0.000000, 15.276150, 60.000000, 26886.000000, 0.000000, 0.000000, 38.586136, 30.500000, 33878.000000, 
1, 64.431585, 26.886307, 37.367649, 3.955978, 96.594630, 28.280251, 43.653165, 35.067886, 63.002316, 26.981907, 37.671448, 3.977951, 95.920456, 28.300755, 44.983727, 35.896263, 241.812488, 48.095211, 63, 33, 38, 0.000046, 54874.000000, 1533591503231.000000, 1533591603788, 0.000000, 0.000000, 3.910278, 37.500000, 8098.000000, 0.000000, 0.000000, 0.905357, 62.000000, 23777.000000, 22.401165, 232.690289, 19.295883, 96.182512, 27180.000000, 7.091768, 47.203139, 15.743422, 32.000000, 37507.000000, 
2, 74.261733, 27.813728, 50.574171, 4.552727, 133.085383, 44.050575, 44.181386, 10.776924, 72.815238, 28.575382, 50.025338, 4.687035, 133.579292, 43.234596, 45.734608, 8.935387, 302.128575, 44.596977, 38, 18, 14, 0.000034, 54874.000000, 1533591554148.000000, 1533591643026, 0.000000, 0.000000, 4.679996, 50.000000, 18096.000000, 0.000000, 0.000000, 0.486725, 73.000000, 23120.000000, 0.000000, 0.000000, 43.186375, 133.000000, 26582.000000, 0.000000, 0.000000, 9.539162, 44.494899, 29420.000000, 
3, 78.937421, 24.973671, 41.611198, 0.808723, 137.036800, 16.758583, 72.844010, 10.118736, 77.648517, 25.438656, 41.127930, 0.790726, 136.864183, 16.868664, 73.895109, 10.020786, 329.982584, 27.329857, 64, 15, 19, 0.000043, 54874.000000, 1533591593473.000000, 1533591691572, 0.000000, 0.000000, 0.602909, 41.000000, 27699.000000, 0.000000, 0.000000, 2.587757, 76.000000, 31227.000000, 5.114197, 237.616398, 16.642525, 136.486149, 31886.000000, 0.000000, 0.000000, 9.235586, 73.219184, 38561.000000, 
4, 77.557965, 9.029938, 59.484922, 0.273262, 148.838231, 9.491631, 48.139274, 3.804157, 76.364322, 9.169720, 58.827158, 0.664688, 149.342986, 10.491478, 49.014196, 3.563873, 333.784526, 12.299494, 119, 10, 19, 0.000061, 54874.000000, 1533591643418.000000, 1533591759159, 0.000000, 0.000000, 0.497005, 59.000000, 46097.000000, 4.245752, 21.365041, 19.398714, 73.000000, 48898.000000, 0.000000, 0.000000, 9.029861, 148.426132, 55696.000000, 0.000000, 0.000000, 3.436031, 48.000000, 57706.000000, 
5, 58.858752, 8.820381, 58.659681, 33.817467, 135.069595, 3.299255, 38.468375, 22.239109, 57.214292, 7.526615, 57.590979, 33.783920, 135.444576, 2.147583, 40.124493, 22.647827, 290.715372, 35.088106, 45, 5, 18, 0.000033, 54874.000000, 1533591709581.000000, 1533591797010, 0.000000, 0.000000, 4.934620, 57.500000, 17281.000000, 0.000000, 0.000000, 36.524334, 58.000000, 22754.000000, 14.811319, 208.056633, 2.163811, 172.271503, 23455.000000, 6.906569, 11.457069, 11.937059, 86.000000, 25398.000000, 
1, 4.952795, 0.201996, 11.739322, 11.068319, 2.895955, 6.255768, 24.251979, 7.321909, 4.434249, 0.915359, 11.301863, 10.557648, 2.364919, 5.904444, 24.271559, 6.639471, 43.106320, 13.423996, 26, 35, 27, 0.000030, 105128.000000, 1533592031040.000000, 1533592165730, 0.000000, 0.000000, 0.649521, 4.000000, 11626.000000, 0.000000, 0.000000, 10.685790, 10.500000, 18720.000000, 0.000000, 0.000000, 5.634427, 2.655922, 22878.000000, 0.000000, 0.000000, 7.200188, 23.500000, 27869.000000, 
1, 117.669472, 7.585556, 140.642494, 14.036245, 85.777499, 15.028856, 115.200070, 13.633968, 114.494614, 7.261456, 138.101545, 14.736435, 85.016445, 14.588918, 112.498227, 13.157537, 454.700182, 26.142313, 81, 69, 38, 0.000066, 65265.000000, 1533592405311.000000, 1533592536104, 5.192728, 70.873052, 7.149807, 86.448291, 5241.000000, 0.000000, 0.000000, 4.895421, 84.000000, 20309.000000, 15.021568, 44.391263, 16.806482, 129.500000, 31070.000000, 9.132833, 65.034259, 12.421601, 113.431299, 38136.000000, 
1, 104.274826, 34.054638, 25.353834, 11.379765, 110.911278, 3.341202, 116.433194, 0.496292, 100.681221, 34.030243, 26.096362, 11.535503, 108.370435, 3.160362, 115.223567, 43.974350, 353.672358, 25.635948, 25, 21, 20, 0.000021, 19008.000000, 1533592705377.000000, 1533592745401, 0.000000, 0.000000, 7.772398, 25.000000, 5820.000000, 0.000000, 0.000000, 39.077200, 109.500000, 14529.000000, 0.000000, 0.000000, 35.100052, 115.500000, 17862.000000, 0.000000, 0.000000, 11.610439, 109.500000, 19251.000000, 
2, 53.092306, 2.019588, 29.749079, 30.538059, 56.605314, 37.779907, 45.368455, 35.312775, 51.279745, 1.225193, 30.609031, 30.007271, 57.364280, 36.756554, 44.865697, 33.121590, 184.466953, 53.825165, 39, 5, 18, 0.000030, 19008.000000, 1533592738377.000000, 1533592787883, 0.000000, 0.000000, 5.919697, 45.314983, 19967.000000, 20.085543, 22.896075, 20.082115, 29.771164, 25376.000000, 0.000000, 0.000000, 24.752739, 44.500000, 25376.000000, 0.000000, 0.000000, 1.091312, 57.000000, 28084.000000, 
3, 50.194494, 11.854111, 27.465384, 11.217457, 38.540982, 28.545103, 39.594537, 44.612122, 49.846617, 12.618847, 28.444976, 11.142094, 37.703807, 27.349874, 38.237070, 42.184448, 155.013933, 49.114396, 32, 9, 13, 0.000028, 19008.000000, 1533592775023.000000, 1533592821591, 2.255857, 196.497169, 9.753864, 38.500000, 20532.000000, 0.000000, 0.000000, 10.934898, 27.367515, 22516.000000, 7.588121, 26.582916, 26.551136, 56.000000, 22516.000000, 0.000000, 0.000000, 27.947489, 37.500000, 27262.000000, 
4, 25.102667, 0.543583, 24.960474, 26.964169, 39.538117, 43.119850, 48.496207, 43.719551, 24.599923, 0.093014, 26.047317, 27.087492, 39.852696, 44.022766, 48.016873, 41.196693, 138.307137, 58.173576, 27, 4, 11, 0.000024, 19008.000000, 1533592809044.000000, 1533592851919, 0.000000, 0.000000, 23.125769, 25.000000, 16692.000000, 0.000000, 0.000000, 20.613743, 36.000000, 20823.000000, 0.000000, 0.000000, 33.850956, 47.500000, 22900.000000, 0.000000, 0.000000, 7.904049, 38.500000, 22900.000000, 
5, 48.909566, 16.496674, 24.978980, 2.260925, 41.237132, 21.540548, 52.778850, 3.202019, 48.870648, 16.450321, 25.141998, 1.809772, 41.055514, 21.370623, 54.249338, 0.364273, 168.611014, 22.750083, 32, 6, 24, 0.000030, 19008.000000, 1533592839126.000000, 1533592888473, 0.000000, 37.103420, 1.019640, 50.500000, 16537.000000, 0.000000, 0.000000, 24.107431, 49.000000, 23997.000000, 5.390347, 9.608445, 32.427646, 54.000000, 26637.000000, 0.000000, 0.000000, 22.001545, 40.500000, 26637.000000, 
6, 59.515551, 6.798569, 33.134212, 4.761402, 26.662251, 28.932226, 45.226628, 34.178108, 58.691055, 6.311741, 33.571235, 4.253838, 27.572385, 29.291368, 44.870781, 31.514662, 164.622049, 38.335153, 27, 4, 11, 0.000024, 19008.000000, 1533592876134.000000, 1533592918884, 0.000000, 0.000000, 1.189556, 33.000000, 15055.000000, 0.000000, 0.000000, 17.476439, 52.000000, 20538.000000, 0.000000, 0.000000, 23.561510, 45.000000, 22725.000000, 0.000000, 0.000000, 29.472990, 26.500000, 22725.000000, 
7, 48.103177, 0.997398, 9.974266, 2.291542, 32.715393, 31.070910, 49.301589, 1.080925, 48.402880, 0.288555, 10.993480, 1.838936, 32.790639, 30.743624, 48.207149, 43.691879, 140.244286, 18.720387, 37, 22, 13, 0.000024, 19008.000000, 1533592908647.000000, 1533592951612, 0.000000, 0.000000, 1.979624, 9.500000, 11505.000000, 0.000000, 0.000000, 16.174090, 46.000000, 20218.000000, 6.039057, 13.935275, 28.898623, 47.000000, 22961.000000, 0.000000, 0.000000, 30.365324, 32.000000, 22961.000000, 
8, 35.651537, 5.108181, 30.732914, 8.425186, 42.695733, 10.876719, 47.309808, 35.481499, 35.521244, 5.002075, 31.798947, 8.652542, 42.310281, 10.534983, 46.750649, 33.211823, 156.385556, 30.945792, 22, 11, 13, 0.000025, 19008.000000, 1533592938893.000000, 1533592983051, 0.000000, 0.000000, 4.945065, 31.000000, 16696.000000, 0.000000, 0.000000, 16.935585, 40.500000, 21446.000000, 0.000000, 0.000000, 24.719500, 46.500000, 23492.000000, 0.000000, 0.000000, 10.558468, 41.000000, 23492.000000, 

1, 37.066548, 0.467472, 81.430631, 37.330498, 47.021153, 24.920021, 82.533860, 9.825275, 36.217616, 0.574333, 77.589874, 37.633232, 45.591092, 24.680122, 81.621768, 9.000038, 244.536271, 37.271633, 59, 11, 14, 0.000027, 34005.000000, 1533684829385.000000, 1533684890802, 0.000000, 0.000000, 19.639072, 45.500000, 7858.000000, 0.000000, 0.000000, 7.037884, 81.500000, 12746.000000, 0.000000, 0.000000, 23.186658, 79.000000, 18755.000000, 0.000000, 0.000000, 0.981327, 36.000000, 23534.000000, 
2, 36.274746, 1.458508, 64.562126, 37.585369, 87.753153, 13.884666, 157.536397, 7.049473, 35.797535, 0.772377, 62.237371, 37.481651, 85.085473, 13.797943, 154.438427, 6.699211, 341.842614, 30.989008, 79, 5, 22, 0.000047, 34005.000000, 1533684869695.000000, 1533684950391, 0.000000, 0.000000, 7.977226, 86.500000, 26674.000000, 13.659273, 172.040493, 10.019367, 108.981428, 30868.000000, 0.000000, 0.000000, 1.061478, 35.500000, 35024.000000, 0.000000, 0.000000, 15.038260, 108.444078, 40075.000000, 
3, 35.382172, 15.051350, 31.533991, 18.563126, 87.437902, 20.898430, 101.485865, 42.186211, 34.903842, 14.944332, 29.857579, 17.968506, 84.565229, 19.158394, 99.664397, 41.740540, 252.415489, 49.349558, 25, 9, 18, 0.000027, 34005.000000, 1533684924388.000000, 1533684985684, 18.909521, 18.205688, 3.532328, 85.000000, 15275.000000, 0.000000, 0.000000, 14.545538, 35.000000, 17388.000000, 0.000000, 0.000000, 40.879965, 100.000000, 19434.000000, 0.000000, 0.000000, 18.715111, 30.500000, 24908.000000, 
4, 26.661599, 0.019974, 63.660283, 29.054604, 96.685239, 44.248940, 138.710066, 11.222462, 26.172465, 0.477303, 61.229022, 29.002426, 93.764519, 44.393429, 135.772121, 10.406570, 321.327656, 43.272989, 58, 8, 14, 0.000037, 34005.000000, 1533684958880.000000, 1533685029661, 0.000000, 0.000000, 4.591499, 97.000000, 19913.000000, 0.000000, 0.000000, 5.464203, 136.500000, 22678.000000, 0.000000, 0.000000, 29.264668, 60.000000, 26740.000000, 0.000000, 0.000000, 0.829145, 26.500000, 30168.000000, 
5, 36.667982, 9.507843, 20.224540, 36.486012, 126.142244, 42.880630, 152.730812, 7.746151, 35.635434, 8.787666, 19.377431, 37.239899, 122.488160, 41.443291, 149.355062, 6.838959, 331.310832, 49.310318, 50, 4, 16, 0.000034, 34005.000000, 1533685006444.000000, 1533685074374, 0.000000, 0.000000, 6.872181, 124.500000, 21700.000000, 0.000000, 0.000000, 2.189457, 35.500000, 25987.000000, 0.000000, 0.000000, 6.015892, 150.500000, 28137.000000, 0.000000, 0.000000, 31.100021, 19.500000, 30843.000000, 
1, 132.622328, 0.616062, 18.231646, 1.961885, 19.956888, 7.433299, 27.443491, 0.917813, 131.264341, 0.978943, 17.358014, 2.460674, 18.969589, 8.261784, 26.795019, 0.942798, 196.320658, 6.464529, 43, 75, 24, 0.000049, 99790.000000, 1533685253327.000000, 1533685402415, 28.000111, 0.000000, 5.535082, 28.500000, 14637.000000, 0.000000, 0.000000, 8.549879, 19.000000, 25334.000000, 0.000000, 0.000000, 0.870903, 131.500000, 36152.000000, 0.000000, 0.000000, 2.237511, 17.500000, 46181.000000, 
2, 126.242428, 7.125023, 10.071283, 40.183006, 25.887002, 4.238826, 1.574321, 1.203815, 126.508149, 6.330990, 9.370773, 4.371547, 25.402626, 4.880833, 1.490306, 0.819757, 163.273444, 27.375335, 54, 62, 18, 0.000056, 99790.000000, 1533685321993.000000, 1533685478058, 0.000000, 0.000000, 0.847228, 1.000000, 22618.000000, 11.841709, 7.035048, 7.268243, 21.500000, 32938.000000, 44.247677, 0.000000, 5.887944, 8.500000, 45910.000000, 0.000000, 0.000000, 6.812880, 126.000000, 50963.000000, 
3, 100.526561, 1.016979, 12.436687, 3.715290, 12.136369, 1.566810, 1.922210, 7.257470, 100.475428, 0.956978, 11.865358, 3.610618, 11.639841, 3.661256, 1.650138, 7.696889, 126.326296, 7.778275, 43, 63, 24, 0.000054, 99790.000000, 1533685384719.000000, 1533685538731, 8.006073, 23.730590, 10.698788, 24.500000, 20734.000000, 0.000000, 0.000000, 2.741865, 11.000000, 38715.000000, 0.000000, 0.000000, 3.685155, 10.000000, 47632.000000, 0.000000, 0.000000, 0.986979, 100.000000, 53924.000000, 
4, 104.249989, 2.489555, 18.346571, 0.138955, 9.864370, 10.079020, 2.693733, 11.145383, 104.961748, 2.367916, 18.086071, 0.206099, 9.905073, 10.638355, 3.670691, 10.813876, 135.889123, 12.926456, 41, 89, 22, 0.000062, 99790.000000, 1533685444097.000000, 1533685605943, 13.834702, 74.950034, 2.939829, 72.500000, 15156.000000, 7.085015, 76.100921, 2.542570, 67.000000, 34400.000000, 0.000000, 0.000000, 0.417962, 17.500000, 53337.000000, 0.000000, 0.000000, 1.845295, 104.500000, 58861.000000, 
5, 74.620410, 16.073578, 14.392669, 2.427961, 18.316887, 7.259449, 1.482368, 12.975642, 74.841985, 16.006760, 13.924123, 2.241822, 16.912176, 7.694218, 1.531788, 12.146096, 108.011203, 20.368315, 51, 46, 13, 0.000048, 99790.000000, 1533685511000.000000, 1533685658336, 14.006239, 225.507450, 12.568195, 115.500000, 13355.000000, 0.000000, 0.000000, 10.902096, 9.000000, 31157.000000, 0.000000, 0.000000, 0.783453, 12.500000, 34576.000000, 0.000000, 0.000000, 15.597332, 74.000000, 37942.000000, 
6, 88.544889, 4.939217, 114.715367, 0.063067, 73.248301, 5.663051, 4.451492, 1.203815, 87.488032, 5.491714, 113.491893, 0.086224, 73.342538, 6.777946, 4.503889, 1.280881, 279.893200, 6.934574, 38, 52, 10, 0.000044, 99790.000000, 1533685563581.000000, 1533685707467, 0.000000, 150.242939, 1.477161, 3.500000, 21352.000000, 0.000000, 0.000000, 5.952300, 73.000000, 28452.000000, 4.154263, 106.709251, 0.231216, 113.000000, 37590.000000, 0.000000, 0.000000, 0.748069, 58.500000, 41094.000000, 
7, 99.774371, 5.847256, 113.846338, 1.599257, 66.076343, 10.694134, 0.282314, 2.514274, 98.776938, 6.076336, 112.249756, 1.680431, 66.926766, 10.907661, 0.937219, 2.712518, 279.435022, 11.327460, 47, 43, 14, 0.000045, 99790.000000, 1533685612495.000000, 1533685757584, 0.000000, 0.000000, 1.706998, 0.500000, 20702.000000, 0.000000, 0.000000, 11.402983, 66.000000, 26188.000000, 0.000000, 0.000000, 0.827381, 112.500000, 30905.000000, 0.000000, 0.000000, 5.692289, 98.500000, 39289.000000, 
8, 95.642116, 4.532269, 117.778622, 1.479139, 78.091042, 9.312334, 4.099313, 2.933780, 95.271198, 4.717037, 116.376265, 2.199872, 78.027555, 10.432844, 4.152006, 2.683774, 294.719058, 10.128761, 37, 46, 19, 0.000044, 99790.000000, 1533685662451.000000, 1533685806174, 3.641194, 59.668422, 0.629717, 63.000000, 16479.000000, 0.000000, 0.000000, 9.905859, 77.500000, 27040.000000, 0.000000, 0.000000, 0.598996, 116.000000, 36638.000000, 0.000000, 32.668892, 0.127083, 116.000000, 39508.000000, 
9, 98.335008, 28.442928, 120.985433, 0.429335, 79.852386, 3.610522, 2.576989, 1.988639, 97.813679, 28.242687, 120.102246, 0.035654, 79.717198, 3.887199, 2.705235, 1.714930, 301.044087, 18.235712, 55, 69, 12, 0.000057, 99790.000000, 1533685712830.000000, 1533685870024, 0.000000, 0.000000, 1.689934, 2.000000, 30112.000000, 6.921525, 0.000000, 6.459169, 75.000000, 35885.000000, 30.144351, 228.783240, 0.749450, 119.500000, 50303.000000, 0.000000, 0.000000, 0.657067, 119.500000, 54362.000000, 
1